#   44.104  -1.191  20.636 ;Mean Elev.(m), Avg Gradient(m/km), RMS Gradient(m/km) - SRTM1     
#   48.056  -0.990  20.960 ;Mean Elev.(m), Avg Gradient(m/km), RMS Gradient(m/km) - ASTER GDEM
#   42.895  -1.132  19.727 ;Mean Elev.(m), Avg Gradient(m/km), RMS Gradient(m/km) - GMTED2010 
   1 132.891452  48.008997    45.284    45.288  7 54665.34848652 23.427
   2 132.891255  48.009313    45.851    45.828  7 54675.26413102 37.625
   3 132.893559  48.008887    23.380    23.390  7 54685.17977460  7.069
   4 132.894692  48.010836    45.814    45.828  7 54695.09541623 27.339
   5 132.895609  48.011811    27.152    27.117  7 54705.01105554  6.199
   6 132.893473  48.008856    45.034    45.010  7 54714.92670768 44.661
   7 132.887900  48.008493    13.630    13.196  7 54724.84235761 13.286
   8 132.885187  48.006495    45.972    46.001  6 54734.75800589 28.897
   9 132.883716  48.006868    46.298    46.309  7 54744.67365258 44.580
  10 132.885436  48.006289    45.431    45.399  7 54754.58929922 52.872
  11 132.886195  48.006294    45.141    45.112  7 54764.50494465 50.285
  12 132.884717  48.006542    44.998    45.075  7 54774.42058709 43.050
  13 132.883869  48.005929    44.499    44.472  6 54784.33622724 48.083
  14 132.884501  48.006613    44.542    44.496  7 54794.25186558 39.101
  15 132.888015  48.008285    44.485    44.509  7 54804.16750334 32.109
  16 132.892201  48.009663    44.778    44.782  7 54814.08314090 25.600
  17 132.892504  48.009995    45.153    45.238  7 54823.99878579 22.723
  18 132.890199  48.008019    45.412    45.399  7 54833.91442617 22.093
  19 132.886190  48.008193    44.956    44.930  7 54843.83007592 20.661
  20 132.886455  48.006911    44.840    44.819  7 54853.74572521 19.066
  21 132.887260  48.007341    44.813    44.775  7 54863.66137388 17.201
  22 132.886855  48.008348    44.845    44.870  7 54873.57702206 16.317
  23 132.887711  48.006553    44.786    44.704  7 54883.49266847 14.551
  24 132.884878  48.006064    44.837    44.816  7 54893.40831094 14.231
  25 132.882035  48.005314    44.855    44.868  6 54903.32395083 13.401
  26 132.882040  48.004930    44.912    44.960  6 54913.23958982 12.981
  27 132.883812  48.005912    45.124    45.098  6 54923.15522808 36.624
  28 132.887593  48.006707    47.560    47.172  7 54933.07086585 32.665
  29 132.890309  48.007838    47.518    47.387  7 54942.98650162 23.319
  30 132.891513  48.008360    46.729    46.780  7 54952.90213540 52.637
  31 132.887913  48.008606    46.589    46.646  7 54962.81777878 25.445
  32 132.887407  48.006752    46.267    46.305  7 54972.73342761 53.745
  33 132.887199  48.008278    46.002    46.048  7 54982.64907477 42.882
  35 132.889195  48.009534    46.461    46.470  7 55002.48036811 28.651
  36 132.888423  48.008648    46.952    46.905  7 55012.39601263 23.254
  37 132.887301  48.008029    48.264    48.403  7 55022.31165573 30.590
  38 132.887530  48.008376    48.890    48.977  7 55032.22729805 31.168
  39 132.889402  48.009198    50.064    50.251  7 55042.14293984 35.236
  40 132.893583  48.009010    48.341    48.326  7 55052.05858058 45.298
  41 132.893098  48.010636    48.243    48.231  7 55061.97421838 50.660
  42 132.891493  48.008159    48.491    48.521  7 55071.88986204 30.773
  43 132.886484  48.006687    49.180    49.174  7 55081.80551052 54.171
  44 132.884102  48.005653    49.237    49.236  7 55091.72115737 46.634
  45 132.883410  48.006597    48.141    47.992  7 55101.63680339 36.265
  46 132.884544  48.007552    48.414    48.379  7 55111.55244914 53.516
  47 132.887002  48.006390    47.765    47.839  7 55121.46809326 27.902
  48 132.885654  48.006780    46.160    46.131  6 55131.38373395 48.222
  49 132.884119  48.006237    45.338    45.280  7 55141.29937290 43.727
  50 132.884449  48.006288    45.260    45.266  6 55151.21501140 41.821
  51 132.887626  48.007448    45.807    45.769  7 55161.13065023 38.766
  52 132.891349  48.009438    45.888    45.914  7 55171.04628862 24.923
  53 132.893889  48.011072    46.316    46.298  7 55180.96192550 25.875
  54 132.892265  48.009380    46.579    46.577  7 55190.87757458 21.337
  55 132.889004  48.008157    46.347    46.351  6 55200.79322492 20.970
  56 132.887183  48.007770    46.207    46.226  7 55210.70887442 21.197
  57 132.887123  48.008246    46.138    46.140  7 55220.62452336 15.379
  58 132.886441  48.008424    45.959    45.966  7 55230.54017118 14.851
  59 132.887132  48.006567    45.690    45.721  7 55240.45581629 14.545
  60 132.883699  48.006798    45.571    45.577  7 55250.37145708 13.909
  61 132.882824  48.004866    45.475    45.496  7 55260.28709636 13.259
  62 132.882574  48.005498    45.279    45.289  6 55270.20273459 12.955
  63 132.885051  48.006207    45.432    45.543  7 55280.11837309 12.540
  64 132.887733  48.007767    45.546    45.384  6 55290.03401023 22.474
  65 132.890104  48.009213    48.688    48.813  7 55299.94964500 24.791
  66 132.888593  48.008388    47.039    47.476  7 55309.86529044 33.685
  67 132.885317  48.008089    46.749    46.754  7 55319.78093605 53.891
  68 132.884536  48.007300   111.267   109.583  7 55329.69658074 22.233
  69 132.886974  48.006562    48.081    47.997  7 55339.61222533 31.709
  70 132.889564  48.007255    48.931    48.830  7 55349.52786936 35.614
  71 132.891252  48.008023    47.122    47.177  7 55359.44351128 50.313
  72 132.891148  48.008333    46.721    46.750  7 55369.35915100 46.906
  73 132.890291  48.009263    46.787    46.699  7 55379.27478916 37.883
  74 132.891028  48.010031    46.522    46.548  7 55389.19042691 40.222
  75 132.894175  48.009949    46.433    46.464  7 55399.10606412 49.330
  76 132.893861  48.010235    48.084    47.986  7 55409.02171033 25.458
  77 132.889909  48.009835    48.779    48.816  7 55418.93736088 48.828
  78 132.887372  48.007109    49.482    49.480  7 55428.85300854 47.739
  79 132.885475  48.005526    49.661    49.685  7 55438.76865328 49.366
  80 132.884072  48.006545    48.501    48.475  7 55448.68429603 37.058
  81 132.885332  48.006923    47.503    47.437  7 55458.59993875 48.563
  82 132.885939  48.008162    46.280    46.388  7 55468.51558048 39.406
  83 132.888668  48.006805    45.642    45.496  7 55478.43121961 37.947
  84 132.887757  48.008778    45.370    45.372  7 55488.34685487 39.368
  85 132.889520  48.008490    45.355    45.351  6 55498.26248866 43.414
  86 132.890461  48.008977    45.008    44.898  7 55508.17812723 34.797
  87 132.890056  48.008408    44.945    45.036  7 55518.09377776 46.725
  88 132.891009  48.007836    44.621    44.595  7 55528.00942754 40.914
  89 132.890702  48.007820    45.163    45.149  7 55537.92507519 24.953
  90 132.888337  48.009134    45.275    45.249  7 55547.84072009 33.383
  91 132.887984  48.008270    45.855    45.858  7 55557.75636365 18.295
  92 132.887896  48.008586    45.921    45.929  7 55567.67200603 14.777
  93 132.889949  48.007774    45.996    46.005  7 55577.58764794 12.431
  94 132.889198  48.008901    45.809    45.793  7 55587.50328711 12.065
  95 132.889796  48.008333    45.820    45.821  7 55597.41892362 12.210
  96 132.888916  48.009296    45.837    45.860  7 55607.33455700 12.089
  97 132.890919  48.009135    45.875    45.874  7 55617.25018902 11.489
  98 132.890621  48.009954    45.834    45.818  7 55627.16583359 11.080
  99 132.891392  48.008069    45.586    45.630  7 55637.08148588 10.580
 100 132.889023  48.008647    46.021    46.042  7 55646.99713544  8.684
 101 132.886268  48.008390    46.671    47.316  7 55656.91278225 30.523
 102 132.885246  48.007616    47.236    47.223  7 55666.82842489 41.559
 103 132.886334  48.007150    45.318    45.274  7 55676.74406465 29.048
 104 132.889503  48.007304    45.639    45.650  7 55686.65970246 47.282
 105 132.892159  48.008899    45.712    45.667  7 55696.57533872 47.014
 106 132.893749  48.011442    45.970    45.951  7 55706.49097339 52.321
 107 132.892500  48.010714    45.768    45.741  7 55716.40662311 45.924
 108 132.891328  48.009167    48.431    48.499  7 55726.32227183 29.682
 109 132.890792  48.008405    47.855    47.924  7 55736.23791882 26.842
 110 132.891305  48.007764    46.688    46.659  7 55746.15356472 23.896
 111 132.891035  48.007743    46.543    46.540  7 55756.06920862 25.535
 112 132.889437  48.008385    46.132    46.173  6 55765.98484984 52.396
 113 132.887895  48.008303    45.801    45.738  7 55775.90048828 49.535
 114 132.887990  48.007570    46.536    46.646  7 55785.81612397 26.309
 115 132.890284  48.008207    48.014    48.038  7 55795.73175750 50.315
 116 132.891897  48.009866    46.814    46.787  7 55805.64739691 47.788
 117 132.892405  48.009776    45.892    45.938  7 55815.56304588 26.266
 118 132.892532  48.008296    45.534    45.565  7 55825.47869235 40.147
 119 132.890091  48.008628    45.261    45.296  7 55835.39433378 41.733
 120 132.888464  48.009216    45.218    45.080  7 55845.30997182 33.295
 121 132.891335  48.009239    44.744    44.568  7 55855.22560776 46.151
 122 132.894084  48.009690    44.476    44.444  7 55865.14124840 50.375
 123 132.892792  48.010182    45.064    44.888  6 55875.05690146 26.839
 124 132.891674  48.010554    44.228    44.108  7 55884.97254891 43.916
 125 132.891343  48.010428    43.902    43.784  7 55894.88819052 39.384
 126 132.892828  48.010222    44.593    44.653  7 55904.80382691 37.331
 127 132.893920  48.009852    44.801    44.789  7 55914.71946798 32.095
 128 132.891810  48.009205    44.830    44.822  7 55924.63512166 28.180
 129 132.890452  48.008779    44.832    44.819  6 55934.55077212 25.610
 130 132.889174  48.007056    44.702    44.704  7 55944.46641816 24.789
 131 132.886612  48.006232    44.760    44.730  7 55954.38205962 24.914
 132 132.885304  48.005976    44.679    44.650  7 55964.29769839 22.301
 133 132.886186  48.007178    44.610    44.639  7 55974.21333572 23.830
 134 132.890960  48.008086    44.606    44.569  7 55984.12897248 24.053
 135 132.893931  48.011156    44.697    44.720  6 55994.04460648 20.420
 136 132.891985  48.009837    44.799    44.823  7 56003.96025770 20.734
 137 132.887628  48.008166    44.540    44.514  7 56013.87590669 30.545
 138 132.885142  48.006432    46.303    46.435  6 56023.79155253 23.030
 139 132.885898  48.006367    45.275    45.267  7 56033.70719583 37.695
 140 132.889876  48.007326    46.398    45.197  7 56043.62283702 34.867
 141 132.892285  48.009854    48.394    48.941  7 56053.53847505 30.026
 142 132.894439  48.010940    46.212    46.228  7 56063.45410997 52.357
 143 132.893596  48.010335    45.038    45.022  6 56073.36975183 37.967
 144 132.889938  48.009522    45.453    45.378  7 56083.28540153 27.972
 145 132.889568  48.008469    45.410    45.375  7 56093.20104929 33.707
 146 132.889722  48.009394    46.295    46.260  7 56103.11669463 33.312
 147 132.891251  48.008250    45.520    45.583  7 56113.03232607 41.541
 148 132.890474  48.008557    46.867    46.908  7 56122.94796488 50.899
 149 132.889637  48.008565    46.470    46.411  7 56132.86359982 52.867
 150 132.889423  48.008036    48.360    48.310  7 56142.77923748 53.023
 151 132.888477  48.007027    47.661    47.709  7 56152.69488810 30.219
 152 132.889070  48.007687    46.801    46.802  7 56162.61053692 25.823
 153 132.889151  48.009428    47.946    48.023  7 56172.52618349 52.818
 154 132.889494  48.009424    47.677    47.661  7 56182.44182558 33.011
 155 132.888058  48.009081    48.683    48.676  7 56192.35746386 46.284
 156 132.888900  48.007165    48.056    48.081  7 56202.27310004 43.426
 157 132.891423  48.008189    47.554    47.696  7 56212.18873415 26.891
 158 132.895962  48.011025    47.140    47.123  7 56222.10436632 50.168
 159 132.895925  48.011403    46.400    46.197  6 56232.02002106 29.808
 160 132.894001  48.010973    45.936    45.923  6 56241.93567372 53.341
 161 132.891249  48.009629    45.459    45.538  7 56251.85132213 48.119
 162 132.889511  48.008637    45.204    45.188  7 56261.76696580 40.728
 163 132.889551  48.008644    46.269    46.240  7 56271.68260720 29.981
 164 132.891582  48.008336    46.624    46.609  7 56281.59824838 25.390
 165 132.889943  48.008237    46.919    46.910  7 56291.51390021 23.561
 166 132.887501  48.007543    46.822    46.814  6 56301.42954763 24.034
 167 132.884500  48.007096    46.737    46.740  7 56311.34519081 22.674
 168 132.883943  48.006273    46.504    46.489  6 56321.26083225 17.983
 169 132.885181  48.006940    46.529    46.565  7 56331.17647314 16.256
 170 132.888351  48.007949    46.408    46.409  7 56341.09211373 15.587
 171 132.891856  48.008980    46.264    46.242  7 56351.00775209 14.784
 172 132.891174  48.010573    46.329    46.434  7 56360.92339073 14.227
 173 132.888043  48.008246    46.269    46.237  7 56370.83904076 13.624
 174 132.885212  48.006967    46.579    46.564  7 56380.75468783 11.708
 175 132.884785  48.007762    48.090    48.450  7 56390.67033238 26.291
 176 132.888290  48.008401    48.327    48.551  7 56400.58597554 26.883
 177 132.890707  48.010343    49.598    49.619  7 56410.50161567 38.804
 178 132.894412  48.009877    47.414    47.242  7 56420.41725155 23.675
 179 132.893789  48.010905    48.843    48.806  6 56430.33288818 31.346
 180 132.891293  48.007727    49.167    49.209  7 56440.24854162 33.053
 181 132.888760  48.006950    48.924    48.951  7 56450.16419229 42.818
 182 132.887674  48.007257    49.288    49.467  7 56460.07984075 35.785
 183 132.886627  48.007386    48.552    48.587  6 56469.99548594 28.092
 184 132.886653  48.006876    48.296    48.257  7 56479.91112752 37.366
 185 132.885601  48.007976    49.212    49.259  7 56489.82676467 36.581
 186 132.888094  48.007755    49.146    49.303  7 56499.74239971 33.767
 187 132.891954  48.008466    51.373    51.313  7 56509.65803324 54.339
 188 132.893731  48.009586    52.452    52.455  7 56519.57367468 41.679
 189 132.892339  48.009156    52.604    52.636  7 56529.48932802 31.345
 190 132.891461  48.008090    53.154    53.144  7 56539.40497748 49.481
 191 132.888995  48.007830    50.921    50.888  7 56549.32062248 29.852
 192 132.887613  48.007598    50.056    50.192  6 56559.23626533 29.668
 193 132.887393  48.008925    49.511    49.631  7 56569.15190723 36.495
 194 132.890568  48.009706    48.984    49.043  7 56579.06754832 32.428
 195 132.894943  48.010438    48.347    48.406  7 56588.98318575 27.099
 196 132.894443  48.011176    46.656    46.662  6 56598.89882987 46.266
 197 132.891411  48.009302    46.233    46.218  7 56608.81448101 45.640
 198 132.889508  48.008465    45.737    45.648  7 56618.73012703 47.794
 199 132.889075  48.008596    44.852    44.910  7 56628.64576963 45.676
 200 132.890586  48.008684    46.035    46.031  7 56638.56140936 34.951
 201 132.889326  48.009748    46.557    46.525  7 56648.47705270 32.113
 202 132.887329  48.007386    46.698    46.699  7 56658.39270433 28.762
 203 132.885273  48.006521    46.564    46.553  7 56668.30835166 24.681
 204 132.885610  48.006513    46.446    46.450  7 56678.22399678 23.156
 205 132.887371  48.007140    46.227    46.219  7 56688.13964069 21.029
 206 132.889168  48.007910    46.052    46.079  7 56698.05528231 20.647
 207 132.891495  48.007933    45.942    45.952  7 56707.97091950 21.532
 208 132.891000  48.008865    46.014    46.040  7 56717.88655675 23.475
 210 132.886929  48.007052    45.889    45.912  7 56737.71785837 30.020
 211 132.887784  48.007796    47.619    47.838  6 56747.63350334 34.635
 212 132.890640  48.008484    48.028    47.973  7 56757.54914396 41.164
 213 132.893561  48.009728    46.851    46.648  7 56767.46477855 27.433
 214 132.892688  48.009302    46.235    46.269  7 56777.38042280 28.182
 215 132.888623  48.007968    46.460    46.476  6 56787.29607877 26.359
 216 132.885064  48.007429    46.422    46.399  7 56797.21173123 21.015
 217 132.885603  48.005637    46.939    46.682  7 56807.12737919 21.713
 218 132.885127  48.006936    47.677    47.504  7 56817.04302040 28.059
 219 132.886219  48.006694    47.183    47.061  7 56826.95865852 27.409
 220 132.887635  48.006549   107.171   105.383  4 56836.87429327 15.466
 221 132.889870  48.007970    46.114    46.127  7 56846.78992466 25.405
 222 132.889658  48.007592    47.676    47.683  7 56856.70557471 31.627
 223 132.888635  48.008469    48.336    48.319  7 56866.62122763 27.108
 224 132.887190  48.008684    48.128    48.122  7 56876.53687926 48.875
 225 132.887384  48.006251    47.078    47.055  7 56886.45252838 33.025
 226 132.883836  48.007036    46.729    46.700  7 56896.36817386 49.617
 227 132.883308  48.006770    46.203    46.276  7 56906.28381699 46.987
 228 132.885332  48.006749    46.342    46.367  7 56916.19945828 26.080
 229 132.888052  48.008618    46.445    46.418  7 56926.11509753 24.060
 230 132.891339  48.010285    46.050    46.087  7 56936.03073360 46.527
 231 132.894040  48.011987    45.700    45.617  7 56945.94636433 25.483
 232 132.891510  48.009624    45.334    45.360  7 56955.86201697 27.549
 233 132.887898  48.008851    44.771    44.699  7 56965.77766601 50.597
 234 132.888240  48.007945    44.428    44.400  7 56975.69331090 48.382
 235 132.889147  48.009497    45.236    45.247  7 56985.60895084 43.510
 236 132.892634  48.009637    45.026    44.995  7 56995.52458572 18.736
 237 132.892984  48.008466    45.135    45.107  7 57005.44022784 17.430
 238 132.887193  48.007726    45.217    45.215  7 57015.35588232 21.747
 239 132.884961  48.006681    45.432    45.417  7 57025.27153305 18.611
 240 132.885612  48.007344    45.363    45.359  7 57035.18718173 18.213
 241 132.887773  48.008451    45.261    45.255  7 57045.10282801 18.691
 242 132.890715  48.007682    45.328    45.307  7 57055.01847169 17.065
 243 132.889448  48.008822    45.258    45.274  7 57064.93410970 15.110
 244 132.889152  48.009524    45.239    45.232  7 57074.84974309 13.555
 245 132.893027  48.009548    45.085    45.099  7 57084.76537356 14.035
 246 132.892215  48.009954    45.305    45.336  7 57094.68102699 14.328
 247 132.891817  48.009613    45.001    45.045  7 57104.59668344 22.265
 248 132.892201  48.008694    45.322    45.331  7 57114.51233574 38.830
 249 132.890488  48.008472    45.790    45.688  7 57124.42798155 40.145
 250 132.888045  48.008575    45.686    45.736  7 57134.34362199 49.982
 251 132.889418  48.007765    45.396    45.361  7 57144.25925862 31.321
 252 132.891641  48.009306    46.692    46.677  7 57154.17489243 24.304
 253 132.894229  48.010551    46.513    46.544  6 57164.09052936 21.875
 254 132.891898  48.009414    46.542    46.543  6 57174.00618641 24.858
 255 132.888991  48.007684    46.809    46.766  7 57183.92184013 24.871
 256 132.886182  48.005917    46.549    46.510  7 57193.83748986 23.120
 257 132.883775  48.006191    46.513    46.487  7 57203.75313679 38.073
 258 132.885185  48.006743    46.907    46.899  6 57213.66877059 44.735
 259 132.888460  48.008033    46.286    46.260  7 57223.58441421 42.524
 260 132.891251  48.008519    45.581    45.516  7 57233.50005618 47.198
 261 132.890692  48.009462    45.712    45.795  7 57243.41569478 24.896
 262 132.890467  48.009016    46.211    46.215  7 57253.33133121 49.327
 263 132.892459  48.008824    46.420    46.432  7 57263.24696641 25.156
 264 132.895147  48.010702    46.755    46.758  7 57273.16260361 27.334
 265 132.895195  48.010556    45.815    45.739  7 57283.07826118 24.997
 266 132.893272  48.010807    45.394    45.451  7 57292.99391590 34.518
 267 132.890299  48.009470    45.455    45.532  7 57302.90956734 29.295
 268 132.887143  48.007588    45.469    45.427  6 57312.82521498 24.852
 269 132.885119  48.006398    45.277    45.307  7 57322.74085922 32.473
 270 132.884860  48.007407    45.005    44.914  7 57332.65650103 42.140
 271 132.888257  48.007756    44.549    44.502  7 57342.57214122 49.256
 272 132.886700  48.007603    44.642    44.646  7 57352.48779307 39.115
 273 132.885720  48.007534    44.946    44.903  7 57362.40343706 28.255
 274 132.885252  48.006538    45.604    45.618  7 57372.31907808 32.158
 275 132.885250  48.007342    45.519    45.536  7 57382.23471714 22.940
 276 132.888658  48.008092    45.471    45.498  6 57392.15035614 20.131
 277 132.892412  48.010448    45.472    45.516  7 57402.06599401 18.403
 278 132.894439  48.011109    45.486    45.487  6 57411.98163702 17.820
 279 132.891208  48.010430    45.432    45.380  7 57421.89728897 17.072
 280 132.889844  48.007202    45.498    45.460  7 57431.81293876 16.371
 281 132.888294  48.006654    45.613    45.608  7 57441.72858603 16.090
 282 132.888579  48.008085    45.350    45.278  6 57451.64423220 15.647
 283 132.889799  48.009663    45.088    45.100  7 57461.55987678 15.333
 284 132.892822  48.009391    45.310    45.397  7 57471.47551837 34.682
 285 132.893244  48.009588    47.326    47.102  7 57481.39115572 30.813
 286 132.893032  48.009059    46.348    46.365  7 57491.30679018 54.350
 287 132.892785  48.010793    44.888    44.891  7 57501.22242234 34.521
 288 132.893206  48.009326    45.440    45.452  7 57511.13807068 27.011
 289 132.890743  48.009188    47.303    47.300  7 57521.05372622 24.240
 290 132.888620  48.009321    47.097    47.146  7 57530.96937922 43.036
 291 132.887476  48.007859    47.074    47.077  7 57540.88502925 51.073
 292 132.886016  48.006762    47.686    48.036  7 57550.80067623 25.937
 293 132.885294  48.006496    48.257    48.267  6 57560.71632154 53.194
 294 132.885689  48.007552    48.769    48.747  7 57570.63196611 38.938
 295 132.889143  48.006969    49.509    49.473  7 57580.54761100 31.081
 296 132.889413  48.009259    49.165    49.161  7 57590.46325338 53.080
 297 132.891501  48.007897    47.807    47.743  7 57600.37889388 48.972
