#   89.000  -6.607  15.382 ;Mean Elev.(m), Avg Gradient(m/km), RMS Gradient(m/km) - SRTM1     
#   89.479  -6.251  16.130 ;Mean Elev.(m), Avg Gradient(m/km), RMS Gradient(m/km) - ASTER GDEM
#   89.385  -6.434  15.082 ;Mean Elev.(m), Avg Gradient(m/km), RMS Gradient(m/km) - GMTED2010 
   2 129.446197  49.436116    94.515    94.448  3 54671.96981965 38.568
   3 129.443562  49.436379    19.492    19.492  2 54681.88546306  7.036
   4 129.443943  49.436273    95.189    95.189  2 54691.80110542 44.428
   5 129.448080  49.436193    19.074    19.089  3 54701.71674571  2.848
   9 129.444426  49.436940   157.764   158.075  3 54741.37933945  6.454
  10 129.442741  49.437236    94.257    94.257  2 54751.29498644 29.755
  11 129.443210  49.437448    93.988    93.988  2 54761.21063346 32.258
  12 129.444397  49.436240    94.064    94.064  2 54771.12627790 33.859
  13 129.447102  49.436338    93.576    93.501  3 54781.04191948 42.531
  14 129.447638  49.435188    93.070    93.070  2 54790.95755793 40.067
  15 129.448880  49.436141   141.500   141.500  2 54800.87319553  9.392
  16 129.448050  49.434967    94.256    94.256  2 54810.78883251 33.486
  17 129.449681  49.435653    94.334    94.322  3 54820.70447263 23.719
  18 129.447782  49.435492    94.410    94.463  3 54830.62012448 18.549
  19 129.445511  49.436360    94.335    94.317  3 54840.53576307 17.535
  20 129.441297  49.437186    94.354    94.354  2 54850.45141183 15.660
  21 129.439260  49.439496    94.383    94.386  3 54860.36706075 14.620
  22 129.436663  49.439023    94.362    94.381  4 54870.28270929 14.032
  23 129.438171  49.438235    94.372    94.372  3 54880.19835691 13.563
  24 129.442352  49.437414    94.406    94.470  3 54890.11400153 13.431
  25 129.444384  49.436618    94.616    94.616  2 54900.02964279 12.529
  26 129.443154  49.436670    94.396    94.396  2 54909.94528160 12.306
  27 129.440840  49.436568    93.747    93.747  2 54919.86091890 18.651
  28 129.442774  49.437332    98.235    98.235  2 54929.77655631 35.365
  29 129.447300  49.436303    97.713    97.713  2 54939.69219258 33.861
  30 129.453328  49.435412   144.050   144.050  2 54949.60782741 27.673
  31 129.455179  49.433971    96.192    96.192  2 54959.52346547 31.470
  32 129.452011  49.434302    95.160    95.160  2 54969.43911375 28.182
  33 129.448534  49.435072    95.218    95.212  3 54979.35476108 27.816
  35 129.445898  49.436436    95.070    95.070  2 54999.18605601 27.988
  36 129.445486  49.436510    96.281    96.257  3 55009.10170166 47.809
  37 129.445634  49.437126    95.186    95.186  2 55019.01734560 29.247
  38 129.442998  49.436832    97.399    97.399  2 55028.93298769 35.731
  39 129.441520  49.437500   159.400   159.400  2 55038.84862939 21.917
  40 129.443003  49.437813    95.734    95.734  2 55048.76427000 44.790
  41 129.446459  49.436036    96.440    96.440  2 55058.67990837 51.905
  42 129.451177  49.434851    96.288    96.288  2 55068.59554735 39.512
  43 129.452223  49.435578    97.799    97.799  2 55078.51119740 53.019
  44 129.448135  49.435563    98.049    98.049  2 55088.42684478 31.374
  45 129.444249  49.436991    96.094    96.154  3 55098.34249111 48.567
  46 129.440951  49.436595    97.171    97.171  2 55108.25813674 27.481
  47 129.444063  49.437644    95.790    95.790  2 55118.17378228 24.762
  48 129.447013  49.436279    94.798    94.798  2 55128.08942501 27.715
  49 129.449363  49.435717   142.416   142.591  3 55138.00506558 20.917
  50 129.449071  49.435729    93.112    93.100  3 55147.92070422 42.842
  51 129.447317  49.435897    93.357    93.357  2 55157.83634200 40.793
  52 129.447067  49.436268    94.029    94.029  2 55167.75197974 29.233
  53 129.447994  49.435477    94.964    94.980  3 55177.66761676 26.054
  54 129.448675  49.434939    95.070    95.070  2 55187.58326075 21.313
  55 129.447067  49.436189    95.258    95.258  2 55197.49891162 18.981
  56 129.443314  49.437205    95.030    95.030  2 55207.41456131 18.161
  57 129.440746  49.438633    95.173    95.195  3 55217.33021070 16.727
  58 129.439762  49.439009    94.970    94.886  3 55227.24585945 16.472
  59 129.440943  49.437821    94.873    94.873  2 55237.16150537 14.521
  60 129.444367  49.436650    94.895    94.895  2 55247.07714798 14.521
  61 129.446954  49.436737    94.927    94.927  2 55256.99278806 13.810
  62 129.445999  49.436840    95.114    95.131  3 55266.90842667 13.946
  63 129.444606  49.437676    94.809    94.809  2 55276.82406464 12.345
  64 129.445532  49.437545    92.877    92.877  2 55286.73970152 19.398
  65 129.448548  49.435276    96.061    96.061  2 55296.65533599 32.659
  66 129.452256  49.434325    93.353    93.353  2 55306.57097659 32.202
  67 129.452855  49.434980    94.202    94.202  2 55316.48662337 46.172
  68 129.449806  49.435020    97.905    97.905  2 55326.40226856 24.249
  69 129.447583  49.436582    96.963    96.963  2 55336.31791316 29.023
  70 129.444760  49.436360    97.401    97.401  2 55346.23355696 45.980
  72 129.446067  49.437015    95.024    95.024  2 55366.06484079 43.450
  73 129.446677  49.436625    96.419    96.419  2 55375.98047996 47.723
  74 129.446744  49.436097    95.353    95.402  3 55385.89611795 48.820
  75 129.447829  49.436233    94.814    94.855  3 55395.81175519 37.264
  77 129.448573  49.435558    97.527    97.527  2 55415.64304674 50.645
  78 129.449571  49.435605    97.743    97.678  3 55425.55869481 42.445
  79 129.449795  49.435528    97.206    97.206  2 55435.47434025 53.378
  80 129.448004  49.435884    96.639    96.599  3 55445.38998440 26.110
  81 129.445672  49.436583    94.646    94.651  3 55455.30562783 30.417
  82 129.445014  49.437148    94.155    94.155  2 55465.22127068 27.024
  83 129.446824  49.436138    93.932    93.932  2 55475.13691061 27.472
  84 129.450427  49.434848    94.099    94.100  3 55485.05254756 36.041
  85 129.454375  49.435085    93.667    93.667  2 55494.96818258 28.671
  86 129.454981  49.435139    93.334    93.334  2 55504.88381620 45.694
  87 129.449350  49.435209    92.806    92.806  2 55514.79946578 42.091
  88 129.446942  49.436636    93.031    92.951  3 55524.71511526 39.012
  89 129.444877  49.436591    92.545    92.545  2 55534.63076264 42.338
  90 129.445166  49.437542    94.336    94.336  2 55544.54640854 32.504
  91 129.442784  49.436504    94.807    94.807  2 55554.46205204 23.542
  92 129.441468  49.436699    94.757    94.757  2 55564.37769500 18.858
  93 129.442675  49.437147    94.602    94.602  2 55574.29333770 17.659
  94 129.445172  49.436591    94.591    94.572  3 55584.20897887 17.764
  95 129.449359  49.436229    94.483    94.483  2 55594.12461680 17.643
  96 129.451444  49.434347    94.343    94.343  2 55604.04025088 16.066
  97 129.454564  49.434741    94.228    94.228  2 55613.95588320 16.200
  98 129.452916  49.433286    94.265    94.265  2 55623.87152044 14.846
  99 129.450636  49.435096    94.465    94.465  2 55633.78717295 15.166
 100 129.449368  49.435529    93.879    94.086  3 55643.70282304 15.714
 101 129.449446  49.435455    93.406    93.406  2 55653.61847033 28.847
 102 129.449954  49.434858    94.752    93.234  3 55663.53411322 30.426
 103 129.449862  49.435051    94.788    94.788  2 55673.44975335 47.214
 104 129.450209  49.436432    94.597    94.597  2 55683.36539238 35.025
 105 129.448865  49.435445    95.981    95.981  2 55693.28102955 28.846
 106 129.449315  49.434498    94.995    94.995  2 55703.19666538 45.978
 107 129.449727  49.435123    94.084    94.082  3 55713.11231004 29.000
 108 129.447762  49.436029    97.192    97.197  3 55723.02795938 50.407
 109 129.445326  49.436643    95.493    95.468  3 55732.94360655 36.102
 110 129.443487  49.436599    94.417    94.417  2 55742.85925227 29.100
 111 129.445093  49.437676    94.713    94.713  2 55752.77489711 50.514
 112 129.446292  49.435616    94.322    94.322  2 55762.69053905 43.021
 113 129.450155  49.435515    93.886    93.779  3 55772.60617881 35.958
 114 129.452150  49.434764    95.746    95.746  2 55782.52181485 49.651
 115 129.453380  49.434905    96.787    96.787  2 55792.43744859 51.388
 116 129.453346  49.434046    94.746    94.746  2 55802.35308261 31.236
 117 129.451977  49.435469    94.018    94.018  2 55812.26873301 30.402
 118 129.450308  49.434220    93.953    93.953  2 55822.18438129 34.864
 119 129.453696  49.435679    93.498    93.498  2 55832.10002569 28.858
 120 129.453549  49.434067    93.337    93.337  2 55842.01566468 30.886
 121 129.454656  49.435102    93.262    93.262  2 55851.93130103 27.134
 122 129.452465  49.433920    93.033    93.033  2 55861.84693440 31.751
 123 129.448269  49.435372    93.545    93.799  3 55871.76258838 44.327
 124 129.447596  49.436043    92.676    92.676  2 55881.67823815 42.501
 125 129.448208  49.435911    91.959    91.811  3 55891.59388134 40.888
 126 129.448524  49.434906    94.073    94.073  2 55901.50951868 38.576
 127 129.450347  49.435627    94.203    94.203  2 55911.42515271 39.380
 128 129.446321  49.437318    94.365    94.365  2 55921.34080737 34.823
 129 129.444230  49.436757    94.365    94.202  3 55931.25645926 34.343
 130 129.446524  49.436423    93.827    93.891  3 55941.17210757 34.434
 131 129.449050  49.435726    94.238    94.238  2 55951.08775130 37.961
 132 129.449296  49.435295    93.631    93.456  3 55961.00339092 34.593
 133 129.448324  49.435712    93.537    93.508  3 55970.91902813 33.279
 134 129.448248  49.435887    94.057    94.057  2 55980.83466408 34.059
 135 129.450568  49.434644    93.581    93.581  2 55990.75029884 32.512
 136 129.452353  49.434317    93.540    93.540  2 56000.66594372 31.328
 137 129.453339  49.435340    93.965    93.965  2 56010.58159419 31.295
 138 129.450785  49.434827    93.594    93.591  3 56020.49724022 35.062
 139 129.447800  49.435662    93.352    93.313  3 56030.41288364 40.488
 140 129.445108  49.436370    95.531    95.531  2 56040.32852524 34.991
 141 129.445447  49.436817    95.174    95.174  2 56050.24416494 41.824
 142 129.447227  49.435837    95.677    95.057  3 56060.15980188 37.923
 143 129.450631  49.434738    93.862    93.862  2 56070.07543832 27.186
 144 129.449042  49.435962    94.700    94.597  3 56079.99108932 46.731
 145 129.445834  49.436684    94.015    94.046  3 56089.90673724 31.799
 146 129.443310  49.436813   143.506   143.506  2 56099.82238257 27.080
 147 129.444684  49.436972    93.891    93.891  2 56109.73801418 31.584
 148 129.448198  49.435441    95.755    95.782  3 56119.65365423 40.655
 149 129.453937  49.434821    95.131    95.131  2 56129.56929103 30.859
 150 129.455839  49.433435    96.961    96.907  3 56139.48492427 52.340
 151 129.450683  49.434131    95.354    95.354  2 56149.40057361 48.179
 152 129.447526  49.436044    95.233    95.233  2 56159.31622295 30.720
 153 129.446443  49.436270    96.017    96.017  2 56169.23187091 21.064
 154 129.448458  49.435621    96.262    96.222  3 56179.14751568 45.957
 155 129.451375  49.435192    97.344    97.321  3 56189.06315627 28.619
 156 129.453025  49.435633    96.320    96.320  2 56198.97879357 49.734
 157 129.451151  49.434892    95.884    95.984  3 56208.89442748 22.752
 158 129.450270  49.434793    95.238    95.176  3 56218.81005974 44.978
 159 129.448786  49.435828    94.608    94.520  3 56228.72570619 45.948
 160 129.447997  49.436362    93.729    93.729  2 56238.64135994 44.982
 161 129.447443  49.436285    93.497    93.497  2 56248.55700981 44.091
 162 129.446998  49.436016    93.293    93.292  3 56258.47265485 39.960
 163 129.445981  49.436470    92.816    92.816  2 56268.38829704 41.229
 164 129.444971  49.436271    94.604    94.604  2 56278.30393750 35.795
 165 129.444274  49.436843    95.033    95.033  2 56288.21958702 31.991
 166 129.445849  49.436402    94.876    94.876  2 56298.13523625 30.053
 167 129.447766  49.435584    94.749    94.748  3 56308.05088146 25.837
 168 129.448673  49.435671    94.540    94.524  3 56317.96652395 25.026
 169 129.446901  49.436315    94.511    94.492  3 56327.88216482 25.659
 170 129.445887  49.436735    94.444    94.432  3 56337.79780464 25.321
 171 129.446878  49.435692    94.462    94.414  3 56347.71344252 22.038
 172 129.451184  49.434565    94.051    94.051  2 56357.62907801 22.351
 173 129.450642  49.434172    94.284    94.284  2 56367.54472688 17.507
 176 129.442569  49.437333    95.813    94.175  3 56397.29166418 39.638
 177 129.442428  49.437394    96.117    96.117  2 56407.20730552 41.052
 178 129.445292  49.436803    94.854    94.854  2 56417.12294319 48.772
 179 129.450094  49.435600   143.511   143.511  2 56427.03857614 31.636
 180 129.448476  49.436308    97.665    97.665  2 56436.95422788 29.120
 182 129.442073  49.436956    97.512    97.512  2 56456.78552791 52.325
 183 129.442974  49.437678    97.451    97.451  2 56466.70117399 52.795
 184 129.445125  49.436567    97.981    97.981  2 56476.61681592 31.025
 186 129.451381  49.435124    97.286    97.286  2 56496.44809041 25.534
 187 129.452020  49.434853    98.921    98.879  3 56506.36372494 46.154
 188 129.452499  49.434416   101.417   101.417  2 56516.27935946 43.282
 189 129.449366  49.434798   102.345   102.315  3 56526.19501407 33.405
 190 129.449440  49.435420   100.441   100.422  3 56536.11066489 55.579
 192 129.447221  49.435651   144.653   144.653  2 56555.94195557 19.944
 193 129.445708  49.436783   161.558   161.558  2 56565.85759827 26.063
 194 129.443627  49.436563    98.167    98.167  2 56575.77323927 29.664
 195 129.445492  49.436773    95.876    95.866  3 56585.68887751 53.351
 196 129.447847  49.435361   141.470   141.174  3 56595.60451488 26.919
 197 129.446940  49.436152   141.277   140.945  3 56605.52016739 19.408
 198 129.446319  49.436801    93.338    93.338  2 56615.43581519 43.802
 199 129.446369  49.437366    93.367    93.367  2 56625.35145950 44.747
 200 129.445724  49.436284    93.101    93.121  3 56635.26710077 42.713
 201 129.448558  49.436106    95.693    95.690  3 56645.18273965 33.835
 202 129.447576  49.436174    96.401    96.401  2 56655.09839245 32.838
 203 129.446874  49.435468    96.281    96.281  2 56665.01404078 30.508
 204 129.447620  49.436646    96.065    96.065  2 56674.92968672 27.972
 205 129.445781  49.436420    95.891    95.905  3 56684.84533092 23.817
 206 129.444899  49.436018    95.677    95.677  2 56694.76097306 22.810
 207 129.447591  49.436018    95.379    95.386  3 56704.67661115 22.076
 208 129.450495  49.434202   100.242   100.242  2 56714.59224356 15.876
 209 129.449140  49.435887   112.316   112.316  2 56724.50789478  2.070
 210 129.445413  49.436869    94.599    94.517  3 56734.42354472 21.649
 211 129.441605  49.437276    99.228    99.228  2 56744.33919132 34.377
 212 129.441178  49.437331    99.854    99.854  2 56754.25483391 25.474
 213 129.443870  49.436374    94.016    94.016  2 56764.17047113 27.879
 214 129.447035  49.435184    94.312    94.312  2 56774.08610681 28.846
 215 129.445050  49.437289    94.642    94.642  2 56784.00176418 28.593
 216 129.440969  49.437492    94.854    94.854  2 56793.91741725 44.931
 217 129.438758  49.438005    94.320    94.395  3 56803.83306721 27.040
 218 129.441040  49.438147    96.199    96.199  2 56813.74870997 49.038
 219 129.444169  49.437196    96.011    96.011  2 56823.66434912 49.117
 220 129.447414  49.435736   148.878   148.918  3 56833.57998415 18.017
 221 129.450305  49.434350    94.831    94.831  2 56843.49561583 46.725
 222 129.451130  49.435580    95.765    95.765  2 56853.41125824 52.838
 223 129.447122  49.435859    95.106    95.106  2 56863.32691206 37.684
 224 129.445382  49.436839    95.458    95.458  2 56873.24256569 24.610
 225 129.444615  49.437107    95.707    95.707  2 56883.15821613 43.795
 226 129.444690  49.437668    94.719    94.719  2 56893.07386323 28.129
 227 129.442475  49.437225    94.225    94.225  2 56902.98950668 26.049
 228 129.440099  49.437925    94.481    94.479  3 56912.90514824 38.977
 230 129.441414  49.437357    94.724    94.724  2 56932.73642564 44.942
 231 129.446553  49.436324    93.929    93.929  2 56942.65205816 28.756
 232 129.447954  49.435500    93.753    93.753  2 56952.56770238 31.494
 233 129.446106  49.436163    93.253    93.243  3 56962.48335305 42.622
 234 129.444881  49.437660    92.699    92.699  2 56972.39899920 45.662
 235 129.444061  49.437114    91.817    91.817  2 56982.31464093 41.311
 236 129.447335  49.436480    92.626    92.520  3 56992.23027852 40.319
 237 129.451948  49.434260    93.761    93.761  2 57002.14591265 37.423
 238 129.450451  49.434995    93.615    93.615  2 57012.06157008 33.146
 239 129.448267  49.435604    93.658    93.678  3 57021.97722158 27.282
 240 129.444767  49.435934    93.430    93.430  2 57031.89286993 24.201
 241 129.443342  49.436470    93.337    93.337  2 57041.80851635 22.831
 242 129.444706  49.437128    93.380    93.379  3 57051.72416089 22.538
 243 129.446949  49.435820    93.339    93.307  3 57061.63980092 21.307
 244 129.450061  49.435311    93.323    93.307  3 57071.55543578 20.870
 245 129.450788  49.434352    93.377    93.377  2 57081.47106627 17.465
 246 129.447734  49.435313    93.651    93.651  2 57091.38670976 15.917
 247 129.442346  49.437101   101.262   101.262  2 57101.30236723 12.337
 248 129.440965  49.437782    93.486    93.469  3 57111.21802158 40.363
 249 129.443439  49.437529    99.161    99.161  2 57121.13367036 29.127
 250 129.445962  49.437133    95.802    95.802  2 57131.04931334 33.735
 251 129.445685  49.435721   138.801   138.801  2 57140.96495062 24.939
 252 129.446726  49.436341   143.094   143.094  2 57150.88058490 27.755
 254 129.447503  49.435080    95.368    95.368  2 57170.71186983 29.156
 255 129.448823  49.435626    96.207    96.109  3 57180.62752491 19.493
 256 129.448774  49.435376    95.490    95.490  2 57190.54317581 50.103
 257 129.447263  49.436058    94.550    94.593  3 57200.45882356 28.263
 258 129.445220  49.437163    94.895    94.861  3 57210.37445781 28.311
 259 129.443877  49.437254   175.137   175.137  2 57220.29010185 17.063
 260 129.444721  49.436620    94.039    94.020  3 57230.20574486 28.554
 261 129.447363  49.436461    95.068    94.958  3 57240.12138579 42.741
 262 129.449159  49.435513    94.942    94.942  2 57250.03702362 30.104
 263 129.450139  49.435850    95.255    95.255  2 57259.95265925 47.804
 264 129.449397  49.435829    94.999    95.012  3 57269.86829326 37.563
 265 129.445903  49.437217    94.010    94.010  2 57279.78394565 29.154
 266 129.443707  49.437203   155.488   155.236  3 57289.69960086 14.394
 267 129.444178  49.436990    93.911    93.992  3 57299.61525339 47.630
 268 129.445448  49.436408    94.425    94.402  3 57309.53090237 45.225
 269 129.444289  49.436243    93.849    93.849  2 57319.44654785 35.067
 270 129.442815  49.437451    93.330    93.330  2 57329.36219073 47.188
 271 129.442376  49.438213   140.493   140.493  2 57339.27783153 21.300
 272 129.441530  49.437626    91.824    91.824  2 57349.19348095 43.018
 273 129.445153  49.437429    92.562    92.562  2 57359.10912730 39.541
 274 129.447789  49.436126    94.647    94.647  2 57369.02477009 41.703
 275 129.447754  49.435348    94.752    94.429  3 57378.94040990 38.276
 276 129.446612  49.435357    93.688    93.688  2 57388.85604815 31.450
 277 129.447425  49.435802    93.763    93.712  3 57398.77168567 27.102
 278 129.449331  49.434704    93.583    93.583  2 57408.68732229 27.837
 279 129.448894  49.435179    93.510    93.362  3 57418.60297514 27.052
 280 129.448407  49.436462    93.935    93.935  2 57428.51862562 20.710
 281 129.444399  49.436560    93.643    93.607  3 57438.43427322 28.520
 282 129.441806  49.437995    94.003    94.003  2 57448.34991999 19.773
 283 129.439370  49.437558    94.051    93.992  3 57458.26556531 17.298
 284 129.440959  49.436764    93.506    93.506  2 57468.18120811 26.189
 285 129.446312  49.436243    98.369    98.267  3 57478.09684725 39.469
 286 129.449654  49.434713    93.168    93.168  2 57488.01248277 36.678
 287 129.453605  49.435502    93.496    93.496  2 57497.92811653 36.383
 288 129.452688  49.435704    93.953    93.953  2 57507.84375615 29.992
 289 129.448199  49.436553   144.197   144.197  2 57517.75941176 26.751
 290 129.446450  49.436405   146.061   145.989  3 57527.67506456 28.224
 291 129.447275  49.435565    95.216    95.272  3 57537.59071473 35.444
 292 129.448390  49.435503    95.610    95.610  2 57547.50636251 25.504
 293 129.447776  49.435961    95.960    95.960  2 57557.42200891 23.934
 294 129.446386  49.437343    97.021    97.021  2 57567.33765444 48.160
 295 129.443789  49.436736    98.296    98.296  2 57577.25329886 42.864
 296 129.444442  49.437145    97.713    97.713  2 57587.16894253 33.672
 297 129.445518  49.436725    96.151    96.170  3 57597.08458368 49.721
