#    0.114  -0.094   0.931 ;Mean Elev.(m), Avg Gradient(m/km), RMS Gradient(m/km) - SRTM1     
#    7.173   0.040   1.129 ;Mean Elev.(m), Avg Gradient(m/km), RMS Gradient(m/km) - ASTER GDEM
#    0.043  -0.169   0.561 ;Mean Elev.(m), Avg Gradient(m/km), RMS Gradient(m/km) - GMTED2010 
   1 139.866151  53.205052     0.833     0.846 27 54667.98902225 33.253
   2 139.866877  53.207605     0.822     0.846 26 54677.90466705 33.752
   3 139.862220  53.206073     0.875     0.958 22 54687.82030934 28.651
   4 139.863072  53.206108     1.204     1.105 24 54697.73595046 31.358
   5 139.866715  53.205994     1.417     1.237 27 54707.65159250 39.078
   6 139.867314  53.205253     0.942     0.883 27 54717.56724415 37.147
   7 139.868351  53.205181     1.022     1.131 27 54727.48289350 32.954
   8 139.866521  53.205522     0.868     1.075 27 54737.39854117 33.496
   9 139.862908  53.206231     0.966     0.938 23 54747.31418851 35.399
  10 139.859621  53.206421     0.894     0.880 21 54757.22983543 35.229
  11 139.860028  53.206121     0.798     0.954 22 54767.14548066 34.346
  12 139.866302  53.207117     0.948     1.034 26 54777.06112337 29.955
  13 139.867928  53.205132     1.215     1.213 27 54786.97676268 40.928
  14 139.866146  53.203035     0.981     0.984 27 54796.89240040 24.702
  15 139.866531  53.204122     1.083     1.102 27 54806.80803842 21.867
  16 139.867037  53.204579     1.050     1.091 27 54816.72367570 19.771
  17 139.866992  53.206162     0.849     0.814 26 54826.63932434 18.341
  18 139.866270  53.207400     1.086     1.124 26 54836.55496357 18.348
  19 139.862028  53.207192     0.951     0.983 22 54846.47061262 19.703
  20 139.858839  53.207470     1.127     1.119 20 54856.38626134 16.686
  21 139.857707  53.208810     0.846     0.848 18 54866.30191048 16.928
  22 139.856582  53.208216     1.067     1.070 18 54876.21755882 17.408
  23 139.858992  53.207939     1.004     0.933 19 54886.13320460 16.663
  24 139.860973  53.206825     1.031     1.022 21 54896.04884673 15.612
  25 139.862732  53.206572     1.179     1.068 23 54905.96448620 14.811
  26 139.862976  53.206291     1.260     1.223 24 54915.88012423 14.474
  27 139.863919  53.206951     2.008     1.917 24 54925.79576214  9.579
  28 139.866238  53.207425     1.119     1.132 26 54935.71139946 23.976
  29 139.867608  53.205309     1.099     1.117 27 54945.62703433 22.822
  30 139.868961  53.201491     2.592     2.582 29 54955.54266642 40.291
  31 139.868837  53.201348     2.036     2.239 28 54965.45831384 29.799
  32 139.867824  53.202692     1.710     1.910 28 54975.37396194 29.678
  33 139.867109  53.205186     1.240     1.392 27 54985.28961014 30.317
  34 139.865903  53.206362     1.373     1.332 26 54995.20525809 28.564
  35 139.865887  53.207566     1.392     1.390 26 55005.12090468 28.353
  36 139.862937  53.206453     1.875     1.907 24 55015.03654838 46.420
  37 139.861641  53.206536     1.988     2.000 22 55024.95219095 38.162
  38 139.861296  53.207729     1.561     1.548 21 55034.86783316 31.976
  39 139.860819  53.206995     2.020     1.971 22 55044.78347424 32.742
  40 139.865513  53.207082     1.994     2.110 26 55054.69911419 31.468
  41 139.865913  53.202885     2.252     2.509 27 55064.61475079 31.809
  42 139.867241  53.203347     2.657     2.645 28 55074.53039789 37.253
  43 139.866642  53.204892     2.341     2.509 27 55084.44604604 34.127
  44 139.865449  53.206787     2.442     2.688 26 55094.36169276 33.825
  45 139.863031  53.206494     2.458     2.690 23 55104.27733894 34.473
  46 139.862848  53.206393     2.178     2.434 23 55114.19298515 31.919
  47 139.866916  53.207658     1.875     2.017 26 55124.10862954 28.503
  48 139.865997  53.205263     1.388     1.477 26 55134.02427000 29.364
  49 139.866708  53.204796     1.862     1.843 27 55143.93990869 51.693
  50 139.866303  53.205001     1.354     1.341 26 55153.85554661 39.253
  51 139.866474  53.205437     0.911     0.845 26 55163.77118491 31.756
  52 139.866033  53.204643     0.829     0.830 27 55173.68682267 27.739
  53 139.868052  53.204519     1.091     1.088 27 55183.60246079 22.839
  54 139.867020  53.206428     0.861     0.867 27 55193.51811214 21.327
  55 139.860760  53.205805     0.789     0.783 22 55203.43376142 22.082
  56 139.859976  53.208418     0.853     0.799 20 55213.34941118 19.009
  57 139.858037  53.207885     0.926     0.937 20 55223.26505991 18.389
  58 139.858933  53.206789     1.194     1.207 21 55233.18070733 17.431
  59 139.864454  53.207209     0.965     0.972 24 55243.09635219 16.717
  60 139.867573  53.207788     1.157     1.137 26 55253.01199355 16.919
  61 139.866118  53.207689     0.983     0.914 25 55262.92763210 16.475
  62 139.862093  53.206331     0.757     0.725 23 55272.84326912 15.442
  63 139.864170  53.206884     0.774     0.773 25 55282.75890669 15.153
  64 139.866986  53.205201     1.241     1.234 27 55292.67454271 15.515
  65 139.867701  53.201341     1.376     1.354 28 55302.59017754 14.531
  66 139.868158  53.201797     1.168     1.226 29 55312.50582517 15.076
  67 139.867068  53.203138     2.094     2.089 28 55322.42147065 38.168
  68 139.866963  53.206021     3.813     3.769 26 55332.33711537 51.235
  69 139.866618  53.207926     2.786     2.821 26 55342.25275993 34.137
  70 139.865917  53.207358     2.356     2.482 26 55352.16840381 29.443
  71 139.866960  53.207157     2.149     2.243 26 55362.08404570 31.684
  72 139.865597  53.206170     2.494     2.538 26 55371.99968516 41.447
  73 139.866262  53.207489     1.318     1.369 25 55381.91532367 29.099
  74 139.864869  53.207052     1.685     1.861 24 55391.83096090 42.318
  75 139.865790  53.205568     1.303     1.315 26 55401.74659674 32.478
  76 139.866544  53.204341     1.272     1.438 27 55411.66224663 34.752
  77 139.867068  53.202730     1.654     1.926 27 55421.57789592 32.049
  78 139.867107  53.202545     2.146     2.340 28 55431.49354264 40.080
  79 139.866854  53.205486     2.406     2.457 26 55441.40918780 34.278
  80 139.864949  53.207360     2.286     2.458 24 55451.32483123 32.793
  81 139.863103  53.206758     2.356     2.521 23 55461.24047363 32.114
  82 139.865604  53.205691     1.911     2.144 26 55471.15611502 30.664
  83 139.867483  53.203136     1.432     1.739 27 55481.07175316 30.790
  84 139.867936  53.200872     1.660     1.669 28 55490.98738872 53.049
  85 139.868299  53.201057     1.273     1.298 28 55500.90302254 42.129
  86 139.867866  53.204087     1.573     1.574 27 55510.81866585 50.644
  87 139.866673  53.206888     1.188     1.165 26 55520.73431578 43.374
  88 139.866123  53.207860     1.332     1.355 26 55530.64996437 28.714
  89 139.867091  53.208374     1.251     1.225 26 55540.56561141 20.965
  90 139.866226  53.208003     0.720     0.738 26 55550.48125606 18.185
  91 139.860736  53.206136     0.959     0.941 22 55560.39689855 19.040
  92 139.859716  53.207141     0.878     0.854 21 55570.31254118 17.031
  93 139.860038  53.206617     0.829     0.795 21 55580.22818271 16.632
  94 139.865937  53.206649     0.967     0.797 26 55590.14382201 15.386
  95 139.868029  53.202381     1.091     1.017 27 55600.05945709 14.668
  96 139.871599  53.201325     1.260     1.143 30 55609.97509043 14.534
  97 139.870333  53.200345     1.395     1.259 30 55619.89072180 14.779
  98 139.867542  53.203790     1.165     1.152 27 55629.80637242 14.721
  99 139.866475  53.205701     1.036     0.976 26 55639.72202335 14.360
 100 139.865880  53.204070     1.568     1.557 27 55649.63767134 12.925
 101 139.868236  53.203089     1.629     1.579 28 55659.55331643 12.099
 102 139.867967  53.202157     1.551     1.401 27 55669.46895773 13.836
 103 139.866729  53.203078     1.771     1.759 27 55679.38459725 35.222
 104 139.867262  53.205587     2.845     2.876 26 55689.30023537 31.406
 105 139.867170  53.205967     2.828     2.897 27 55699.21587163 46.635
 106 139.868019  53.205047     1.624     1.811 27 55709.13150948 29.339
 107 139.867045  53.205036     1.663     1.793 26 55719.04716007 31.285
 108 139.865997  53.205820     2.089     2.090 26 55728.96280829 51.939
 109 139.866265  53.207891     1.666     1.739 25 55738.87845530 26.956
 110 139.861992  53.206468     2.514     2.533 22 55748.79410003 47.421
 111 139.863808  53.207190     2.230     2.210 24 55758.70974331 37.184
 112 139.866828  53.206350     1.637     1.681 27 55768.62538367 31.827
 113 139.868061  53.203107     1.337     1.490 28 55778.54102035 35.205
 114 139.869143  53.200836     1.665     1.746 29 55788.45665474 30.111
 115 139.870099  53.200969     1.631     1.761 30 55798.37228834 34.806
 116 139.867798  53.202355     1.725     1.959 28 55808.28793334 32.913
 117 139.866251  53.203799     1.737     1.798 27 55818.20358264 30.472
 118 139.866305  53.202657     1.722     1.851 27 55828.11922768 32.847
 119 139.868571  53.201557     1.481     1.549 29 55838.03486852 30.747
 120 139.870119  53.200910     1.295     1.372 29 55847.95050620 30.711
 121 139.868620  53.200445     1.069     1.189 29 55857.86614128 35.983
 122 139.867365  53.203597     0.903     0.972 27 55867.78178759 33.784
 123 139.867519  53.207584     0.892     0.919 26 55877.69744001 33.954
 124 139.867563  53.208177     1.649     1.657 26 55887.61308543 46.716
 125 139.867437  53.206532     0.887     0.880 26 55897.52872481 35.903
 126 139.866588  53.203466     0.858     0.845 27 55907.44435891 31.488
 127 139.866083  53.204866     0.822     0.818 27 55917.36000586 27.560
 128 139.865597  53.207409     0.823     0.811 25 55927.27565972 27.012
 129 139.864111  53.206985     0.939     0.949 25 55937.19130962 21.093
 130 139.866121  53.206696     0.766     0.769 26 55947.10695489 19.576
 131 139.866513  53.204523     0.828     0.813 27 55957.02259509 19.807
 132 139.866146  53.202842     0.914     0.894 27 55966.93823266 18.801
 133 139.867826  53.204227     0.935     0.947 27 55976.85386984 18.513
 134 139.866042  53.202796     0.876     0.853 27 55986.76950546 18.161
 135 139.867715  53.202519     0.828     0.846 28 55996.68514294 17.710
 136 139.867823  53.203042     1.417     1.401 27 56006.60079436 16.637
 137 139.867046  53.202348     0.992     1.036 27 56016.51644144 16.094
 138 139.866541  53.203539     1.058     1.061 27 56026.43208605 15.199
 139 139.866968  53.206347     1.407     1.199 26 56036.34772946 24.054
 140 139.866033  53.207050     1.662     1.693 26 56046.26337046 34.749
 141 139.867522  53.207825     1.912     2.078 26 56056.17900888 29.545
 142 139.866220  53.204412     1.671     1.706 27 56066.09464217 29.604
 143 139.867404  53.205917     1.567     1.585 27 56076.01028941 29.512
 144 139.866705  53.207710     1.083     1.254 26 56085.92593880 30.337
 145 139.865304  53.207748     1.265     1.136 25 56095.84158533 34.427
 146 139.866597  53.208019     1.140     0.986 26 56105.75722998 32.762
 147 139.867336  53.206282     1.002     1.069 26 56115.67285977 32.263
 148 139.867343  53.203477     0.977     0.984 27 56125.58849717 30.357
 149 139.868556  53.201528     1.079     1.127 29 56135.50413091 29.965
 150 139.868935  53.202290     0.910     1.353 28 56145.41977317 31.296
 151 139.866487  53.203157     0.963     1.725 27 56155.33542309 30.146
 152 139.867109  53.205531     1.621     1.568 26 56165.25107258 32.774
 153 139.867189  53.205839     1.613     1.609 26 56175.16671949 37.344
 154 139.867182  53.204468     1.446     1.737 27 56185.08236100 28.073
 155 139.867597  53.203275     1.623     1.840 27 56194.99799873 34.522
 156 139.867035  53.202630     1.854     1.980 28 56204.91363342 33.351
 157 139.867215  53.203015     1.673     1.883 27 56214.82926673 30.089
 158 139.867264  53.203415     1.768     1.881 27 56224.74490364 31.787
 159 139.866309  53.205208     1.547     1.678 27 56234.66055941 29.316
 160 139.866316  53.206322     1.333     1.394 27 56244.57621127 36.952
 161 139.866434  53.207232     1.939     1.944 26 56254.49185820 43.619
 162 139.865689  53.207693     1.300     1.299 25 56264.40750092 39.672
 163 139.865111  53.207729     0.823     0.813 24 56274.32314191 34.335
 164 139.867095  53.208284     0.965     0.964 26 56284.23878687 30.113
 165 139.867534  53.207377     1.167     1.158 26 56294.15443812 25.346
 166 139.867038  53.205509     1.042     1.069 27 56304.07008479 23.045
 167 139.867326  53.205813     0.979     0.952 27 56313.98572788 21.813
 168 139.866459  53.206703     1.025     1.010 26 56323.90136874 22.081
 169 139.865996  53.207234     0.937     0.914 26 56333.81700879 20.218
 170 139.867025  53.206342     0.931     0.915 26 56343.73264807 20.075
 171 139.867749  53.203386     0.934     0.920 28 56353.64828468 18.999
 172 139.867926  53.202112     1.050     1.046 27 56363.56392739 17.132
 173 139.867286  53.204054     1.309     1.285 27 56373.47957656 17.289
 175 139.860971  53.206724     1.954     1.836 21 56393.31086688 14.052
 176 139.860678  53.206588     1.855     1.774 22 56403.22650935 25.569
 177 139.863168  53.206330     1.418     1.421 24 56413.14214918 38.285
 178 139.866619  53.205017     2.677     2.676 27 56423.05778390 38.114
 179 139.866901  53.205268     3.094     3.330 27 56432.97342702 34.320
 180 139.863892  53.206910     3.140     3.321 25 56442.88907935 30.176
 181 139.860736  53.207347     3.335     3.297 21 56452.80472884 29.249
 182 139.861400  53.207067     3.013     3.171 22 56462.72037595 31.688
 183 139.866349  53.207581     3.074     3.101 26 56472.63602027 28.634
 184 139.867879  53.205164     2.545     2.593 27 56482.55166040 32.945
 185 139.867885  53.203895     1.939     2.139 27 56492.46729709 29.863
 186 139.867778  53.203937     1.794     2.006 27 56502.38293168 29.112
 187 139.867370  53.202969     1.939     2.324 28 56512.29856459 34.709
 188 139.867125  53.203238     2.216     2.402 28 56522.21421209 30.295
 189 139.867260  53.203539     2.761     2.899 27 56532.12986495 30.652
 191 139.866033  53.203987     4.203     4.259 27 56551.96115892 31.101
 192 139.866349  53.207552     4.281     4.492 25 56561.87680222 27.963
 193 139.860154  53.205899     4.325     4.449 22 56571.79244281 35.489
 194 139.861903  53.206988     3.261     3.494 22 56581.70808283 30.281
 195 139.866895  53.206150     2.663     2.714 26 56591.62371855 31.139
 196 139.866844  53.205012     2.127     2.122 26 56601.53936752 29.888
 197 139.867094  53.206518     2.397     2.412 27 56611.45501756 52.478
 198 139.864901  53.207386     3.038     3.050 24 56621.37066286 45.246
 199 139.861247  53.206225     1.780     1.803 22 56631.28630475 21.852
 200 139.866250  53.207432     1.459     1.465 25 56641.20194393 14.621
 201 139.866275  53.204615     1.400     1.365 27 56651.11759157 13.986
 202 139.868305  53.204677     1.590     1.703 27 56661.03324220 12.833
 203 139.866606  53.204429     1.675     1.685 27 56670.94888906 12.869
 204 139.866190  53.207431     1.626     1.709 26 56680.86453442 12.328
 205 139.862095  53.206324     1.708     1.633 22 56690.78017682 12.509
 206 139.865285  53.206953     1.706     1.776 26 56700.69581668 11.466
 207 139.867105  53.203622     1.930     1.820 27 56710.61145100 13.936
 208 139.867245  53.202555     2.022     1.928 28 56720.52709353 12.316
 209 139.867444  53.206088     1.771     1.703 27 56730.44274605 12.423
 210 139.861577  53.206684     2.193     2.211 22 56740.35839382 12.598
 211 139.859502  53.208203     2.510     2.101 20 56750.27403800 16.008
 212 139.859267  53.206903     2.027     1.927 21 56760.18967698 20.585
 213 139.865964  53.206790     2.326     2.315 26 56770.10531031 36.982
 214 139.865270  53.206040     4.102     4.102 26 56780.02096187 34.861
 215 139.862156  53.205988     2.107     2.197 22 56789.93661680 29.101
 216 139.859747  53.207663     1.866     1.973 20 56799.85226871 29.188
 217 139.858766  53.208759     2.274     2.227 19 56809.76791410 36.069
 218 139.859342  53.207573     1.780     1.850 20 56819.68355404 29.121
 219 139.866711  53.208079     1.637     1.740 26 56829.59919106 29.657
 220 139.866902  53.202507     1.677     1.752 27 56839.51482326 29.967
 221 139.868004  53.200293     1.686     1.737 29 56849.43045613 30.290
 222 139.865949  53.203608     1.521     1.691 27 56859.34611112 31.136
 223 139.864551  53.207097     1.835     2.085 24 56869.26176534 31.143
 224 139.860974  53.206414     2.163     2.341 22 56879.17741637 29.383
 225 139.861546  53.206312     2.165     2.287 22 56889.09306440 31.067
 226 139.863899  53.207157     1.916     1.978 24 56899.00870996 34.260
 227 139.860607  53.206190     1.365     1.452 22 56908.92435225 33.270
 228 139.859282  53.207458     1.268     1.468 20 56918.83999314 33.328
 229 139.858088  53.207441     1.350     1.565 20 56928.75563171 35.603
 230 139.860151  53.206454     1.354     1.443 21 56938.67126605 31.867
 231 139.866825  53.206636     1.076     1.268 26 56948.58690091 33.177
 232 139.867585  53.207209     0.980     1.007 26 56958.50255403 27.148
 233 139.867579  53.207988     0.983     1.022 26 56968.41820199 44.338
 234 139.865750  53.207656     1.076     1.074 26 56978.33384577 37.437
 235 139.865516  53.207320     0.844     0.849 25 56988.24948528 32.335
 236 139.867219  53.205140     0.874     0.878 27 56998.16511853 22.267
 237 139.866074  53.203289     0.556     0.534 27 57008.08076735 18.737
 238 139.867866  53.204691     0.880     0.846 27 57017.99642109 15.841
 239 139.867734  53.205852     0.935     0.994 27 57027.91207117 15.131
 240 139.867575  53.208224     0.801     0.816 26 57037.82771959 14.911
 241 139.862836  53.206432     0.778     0.787 24 57047.74336433 14.197
 242 139.866241  53.208146     0.696     0.652 26 57057.65900662 13.741
 243 139.867333  53.206217     1.565     1.613 27 57067.57464258 13.594
 244 139.868064  53.204426     1.238     1.143 27 57077.49027430 13.919
 245 139.867757  53.202938     1.714     1.629 27 57087.40590617 14.686
 246 139.866395  53.207536     1.473     1.332 26 57097.32156563 12.519
 247 139.860059  53.207023     1.727     1.652 21 57107.23722094 11.806
 248 139.860205  53.207677     1.540     1.449 21 57117.15287212 13.459
 249 139.861178  53.206838     4.267     5.075 22 57127.06851686  9.113
 250 139.863843  53.206730     1.693     1.797 25 57136.98415637 34.260
 251 139.866518  53.206495     3.269     3.248 26 57146.89979171 35.882
 252 139.867113  53.204588     3.483     3.465 27 57156.81542407 51.075
 253 139.866821  53.204060     3.492     3.492 27 57166.73106780 54.959
 254 139.867036  53.206010     2.658     2.745 26 57176.64672439 31.613
 255 139.866470  53.205911     2.912     2.933 26 57186.56237664 37.464
 256 139.866097  53.205598     2.036     2.026 26 57196.47802482 29.237
 257 139.867322  53.207214     1.806     1.984 26 57206.39365997 29.738
 258 139.865384  53.207197     1.665     1.869 26 57216.30930497 29.312
 259 139.865966  53.207927     2.189     2.185 26 57226.22494917 39.907
 260 139.865737  53.206887     2.062     2.007 26 57236.14059097 29.351
 261 139.866061  53.205605     1.597     1.798 26 57246.05622927 31.111
 262 139.867146  53.205396     1.442     1.520 27 57255.97186515 31.041
 263 139.867028  53.205457     1.276     1.498 27 57265.88749964 32.150
 264 139.865846  53.205983     1.341     1.499 26 57275.80314304 32.053
 265 139.863529  53.206671     1.464     1.548 24 57285.71879977 39.120
 266 139.863227  53.206837     1.585     1.638 24 57295.63445369 32.370
 267 139.863702  53.206945     1.609     1.776 23 57305.55010407 29.465
 268 139.862097  53.206456     1.518     1.723 23 57315.46575040 32.405
 269 139.860796  53.206828     1.364     1.483 22 57325.38139378 29.617
 270 139.861014  53.206836     1.685     1.685 22 57335.29703536 44.553
 271 139.862278  53.207071     1.644     1.653 22 57345.21268206 37.604
 272 139.863693  53.206837     1.066     1.051 24 57355.12833006 31.691
 273 139.866547  53.207315     0.835     0.835 26 57365.04397434 27.458
 274 139.866346  53.206203     1.061     1.046 26 57374.95961458 25.897
 275 139.866233  53.206004     1.520     1.530 26 57384.87525299 25.742
 276 139.867447  53.206113     1.254     1.235 27 57394.79089102 24.559
 277 139.865833  53.203085     1.187     1.186 27 57404.70652731 22.931
 278 139.867051  53.203733     1.271     1.239 27 57414.62217484 21.122
 279 139.866629  53.205239     1.234     1.226 26 57424.53782635 20.784
 280 139.865821  53.207917     1.281     1.276 26 57434.45347516 20.017
 281 139.859793  53.207122     1.206     1.159 20 57444.36912126 19.346
 282 139.858364  53.207638     1.191     1.219 19 57454.28476737 19.400
 283 139.860203  53.207732     1.336     1.354 21 57464.20041190 19.811
 284 139.866689  53.208017     1.280     1.239 26 57474.11605317 17.980
 286 139.866929  53.202934     1.628     1.527 28 57493.94732325 20.200
 287 139.868253  53.203346     1.827     1.811 28 57503.86295532 33.378
 288 139.867087  53.205755     2.853     2.839 27 57513.77860941 35.646
 289 139.866973  53.206337     2.503     2.534 26 57523.69426387 46.539
 290 139.867140  53.205156     1.994     2.223 26 57533.60991578 35.240
 291 139.867155  53.204585     1.998     2.094 27 57543.52556469 33.212
 292 139.866856  53.205790     1.931     1.994 26 57553.44121136 29.189
 293 139.867047  53.208361     2.000     2.065 26 57563.35685693 28.558
 294 139.861441  53.205922     1.985     2.290 23 57573.27250071 33.307
 295 139.862656  53.206216     1.889     1.969 23 57583.18814537 29.131
 296 139.867469  53.207891     2.293     2.337 26 57593.10378867 35.011
 297 139.867469  53.207070     2.210     2.487 26 57603.01942869 33.686
