#  117.646  -4.370   8.919 ;Mean Elev.(m), Avg Gradient(m/km), RMS Gradient(m/km) - SRTM1     
#  108.376  -4.611   8.727 ;Mean Elev.(m), Avg Gradient(m/km), RMS Gradient(m/km) - ASTER GDEM
#  117.741  -4.466   9.255 ;Mean Elev.(m), Avg Gradient(m/km), RMS Gradient(m/km) - GMTED2010 
   2 127.579185  50.277443   122.974   123.027  4 54669.00316870 47.430
   4 127.578660  50.280248   123.504   123.470  4 54688.83445614 51.050
   6 127.579447  50.276538   134.616   133.774  4 54708.66573952 18.153
   8 127.579601  50.276710   180.013   179.913  4 54728.49703999  9.050
   9 127.578469  50.277893   194.349   195.294  5 54738.41268767 19.880
  10 127.578089  50.280376   168.470   172.252  4 54748.32833562 21.628
  11 127.576450  50.280983   175.244   174.933  4 54758.24398285 15.685
  12 127.576902  50.280694   123.084   123.048  4 54768.15962794 27.346
  13 127.578045  50.278551   173.445   170.286  5 54778.07526938 18.523
  14 127.579753  50.276995   169.665   169.557  4 54787.99090846 18.777
  15 127.580195  50.276300   184.792   192.949  4 54797.90654636 19.057
  16 127.579743  50.276058   123.465   123.484  4 54807.82218405 34.504
  18 127.579375  50.277249   123.563   123.628  4 54827.65347141 20.566
  19 127.577806  50.278536   123.795   122.834  4 54837.56911038 19.595
  20 127.578064  50.282418   124.650   123.824  4 54847.48476040 18.501
  21 127.576801  50.284348   133.390   133.331  3 54857.40040950 16.339
  22 127.575958  50.285554   130.042   133.478  3 54867.31605866 17.033
  23 127.576288  50.285401   133.446   133.553  3 54877.23170708 15.614
  24 127.576798  50.283176   133.328   133.399  4 54887.14735210 14.887
  25 127.576218  50.280421   133.195   133.134  4 54897.06299349 13.150
  26 127.577770  50.281128   133.726   133.781  4 54906.97863289 12.236
  27 127.576312  50.279850   133.780   133.807  4 54916.89427031 12.731
  28 127.577473  50.280140   129.539   130.924  4 54926.80990801 27.176
  29 127.578732  50.278649   126.807   127.005  5 54936.72554476 24.904
  30 127.579806  50.275441   192.550   193.205  5 54946.64117934 25.536
  31 127.580919  50.271465   198.460   198.049  3 54956.55681173  4.563
  32 127.581885  50.273588   123.348   123.338  4 54966.47246072 36.181
  33 127.582315  50.276706   123.192   123.192  2 54976.38810905 33.709
  34 127.579827  50.277590   197.461   197.895  5 54986.30375678  7.305
  35 127.579414  50.278814   129.834   129.056  5 54996.21940488 27.402
  36 127.578236  50.278777   125.073   124.028  4 55006.13505105 30.005
  37 127.578056  50.279842   175.219   175.453  5 55016.05069524 23.650
  38 127.578052  50.281542   199.688   200.042  4 55025.96633804  4.652
  39 127.576612  50.282150   125.268   125.370  4 55035.88197994 48.448
  40 127.577323  50.281775   195.140   194.932  4 55045.79762099 10.460
  41 127.578276  50.278130   123.495   123.417  4 55055.71325966 44.716
  42 127.580466  50.274509   174.889   175.005  4 55065.62889617 20.562
  43 127.580495  50.274834   185.926   191.987  4 55075.54454466 22.656
  44 127.583028  50.280279   124.928   124.928  2 55085.46019371 44.806
  45 127.578834  50.280406   200.141   201.775  4 55095.37583975  4.096
  46 127.577835  50.280951   174.447   179.262  4 55105.29148603 10.287
  47 127.576245  50.278771   194.793   194.752  4 55115.20713155 14.974
  48 127.578698  50.278543   171.202   171.642  5 55125.12277537 28.153
  49 127.579111  50.277112   191.254   191.791  4 55135.03841607 23.694
  50 127.579960  50.277316   121.992   121.999  4 55144.95405483 38.495
  51 127.579084  50.277394   121.622   121.586  5 55154.86969255 41.521
  52 127.579768  50.278101   122.788   122.814  4 55164.78533074 39.112
  53 127.581360  50.278326   123.176   123.208  3 55174.70096869 34.483
  54 127.579924  50.275135   124.545   124.542  5 55184.61660761 18.658
  55 127.579303  50.277579   123.471   123.463  5 55194.53225904 19.208
  56 127.580455  50.283151   123.467   123.467  2 55204.44791001 17.673
  57 127.578665  50.285555   133.305   133.361  3 55214.36355961 16.228
  58 127.577083  50.285370   133.629   133.598  3 55224.27920834 15.771
  59 127.578125  50.284076   133.786   133.758  4 55234.19485540 13.755
  60 127.578526  50.280122   134.965   132.890  4 55244.11049865 13.974
  61 127.578496  50.278156   132.426   132.361  5 55254.02613908 13.668
  62 127.578427  50.279642   137.660   137.636  4 55263.94177800 12.950
  63 127.576894  50.280476   122.260   122.236  4 55273.85741561 24.172
  64 127.577750  50.280104   122.732   122.707  4 55283.77305271 27.291
  65 127.579545  50.276712   128.831   130.412  4 55293.68868792 24.926
  66 127.581583  50.273308   123.805   123.720  4 55303.60432427 27.066
  67 127.581544  50.273585   172.233   175.527  4 55313.51997165 17.492
  68 127.581575  50.276453   195.767   194.763  4 55323.43561754  6.142
  69 127.578913  50.277763   178.138   177.635  5 55333.35126176 14.685
  70 127.578253  50.279524   183.015   183.035  4 55343.26690617  7.540
  71 127.578030  50.279038   123.346   123.353  4 55353.18254984 29.402
  72 127.578530  50.278223   175.943   176.011  4 55363.09819134 25.886
  73 127.578458  50.277788   196.667   197.611  5 55373.01383090 10.889
  74 127.578060  50.278080   176.154   176.076  4 55382.92946912 26.912
  75 127.579026  50.279230   125.063   124.054  5 55392.84510676 37.079
  76 127.579254  50.276918   125.305   125.309  4 55402.76074212 39.563
  77 127.580272  50.276809   197.442   198.411  4 55412.67639375 25.643
  78 127.580510  50.275196   124.745   124.802  4 55422.59204256 36.981
  79 127.581093  50.275310   175.864   176.857  5 55432.50768912 23.047
  80 127.579647  50.277414   123.924   123.893  4 55442.42333407 36.227
  81 127.577961  50.279570   123.033   123.044  5 55452.33897764 41.622
  82 127.577553  50.280285   122.683   122.710  4 55462.25462034 29.095
  83 127.579320  50.278589   122.176   122.129  4 55472.17026112 46.623
  84 127.580953  50.275403   193.761   194.830  4 55482.08589874 25.392
  85 127.581733  50.272880   191.614   191.656  4 55492.00153407 19.176
  86 127.582433  50.273215   188.876   189.011  4 55501.91716798 19.939
  87 127.580747  50.275946   121.377   121.388  4 55511.83281295 45.868
  88 127.578319  50.278050   121.651   121.645  4 55521.74846254 47.873
  89 127.577878  50.279333   121.184   121.185  4 55531.66411090 40.002
  90 127.577966  50.279243   123.199   123.281  5 55541.57975749 29.133
  91 127.578361  50.279758   123.359   123.384  5 55551.49540222 23.676
  92 127.577329  50.280870   123.414   123.404  4 55561.41104558 19.300
  93 127.576026  50.281205   126.094   125.174  4 55571.32668812 17.968
  94 127.577311  50.281303   132.190   132.220  4 55581.24232977 15.752
  96 127.580469  50.273706   131.145   130.938  4 55601.07360232 14.450
  97 127.580345  50.269656   130.185   130.185  2 55610.98923444 14.936
  99 127.580366  50.275275   131.029   130.998  4 55630.82051963 17.778
 100 127.579763  50.277638   131.384   131.570  5 55640.73617054 19.417
 101 127.579605  50.276502   128.550   127.654  5 55650.65181826 25.405
 102 127.580006  50.274293   193.548   193.366  4 55660.56746230 13.784
 103 127.580163  50.273866   191.205   190.920  4 55670.48310333 25.489
 104 127.583237  50.278117   122.654   122.654  2 55680.39874379 51.685
 105 127.579529  50.276616   130.373   132.153  5 55690.31438088 26.922
 106 127.580364  50.277250   183.923   188.260  5 55700.23001719  8.722
 107 127.580396  50.276183   181.019   184.908  4 55710.14565656  8.158
 108 127.579419  50.276780   180.701   180.219  5 55720.06130684 11.726
 109 127.578466  50.277920   194.162   193.956  5 55729.97695490 16.454
 110 127.578065  50.279229   123.065   123.045  5 55739.89260159 49.998
 111 127.578339  50.280539   174.845   174.604  4 55749.80824704 23.244
 112 127.578830  50.279944   173.374   173.271  4 55759.72388977 27.201
 113 127.579349  50.277536   169.361   169.054  5 55769.63952938 10.944
 114 127.580407  50.274575   122.797   122.925  5 55779.55516570 36.103
 115 127.580690  50.271698   123.904   123.930  4 55789.47079954 38.216
 116 127.581097  50.270661   122.686   122.697  3 55799.38643267 35.567
 117 127.580534  50.273438   187.298   187.504  4 55809.30207998  3.386
 118 127.579893  50.275405   122.274   122.272  4 55819.21772946 36.653
 119 127.583010  50.277050   122.326   122.326  2 55829.13337486 27.943
 120 127.581373  50.273035   197.950   197.975  3 55839.04901436  5.810
 121 127.580331  50.270586   194.953   195.084  3 55848.96465102 23.587
 122 127.580702  50.271269   191.314   192.609  3 55858.88028613 27.529
 123 127.580670  50.275778   121.499   121.468  4 55868.79593497 51.409
 124 127.579409  50.278279   120.945   120.938  4 55878.71158661 41.867
 125 127.578355  50.277856   121.198   120.942  5 55888.62723117 41.259
 126 127.579811  50.277608   122.555   122.470  4 55898.54287028 30.584
 127 127.580800  50.276058   122.519   122.499  4 55908.45850427 25.615
 128 127.579140  50.277402   122.642   122.617  4 55918.37415333 21.049
 129 127.578320  50.279261   122.069   122.104  4 55928.28980682 20.521
 130 127.578155  50.279028   126.518   126.359  4 55938.20545651 19.224
 131 127.578790  50.277806   130.336   130.401  4 55948.12110115 17.487
 132 127.579547  50.276759   125.285   124.319  4 55958.03674124 18.752
 133 127.579548  50.276016   129.219   130.181  4 55967.95237868 18.239
 134 127.580397  50.276517   129.286   129.759  5 55977.86801540 17.259
 135 127.580841  50.275371   128.110   129.319  5 55987.78365107 17.584
 136 127.581880  50.274300   130.543   130.602  4 55997.69929033 16.896
 137 127.581493  50.274813   121.898   121.945  4 56007.61494139 25.985
 138 127.579950  50.274278   122.024   122.016  4 56017.53058806 24.217
 139 127.580251  50.276936   123.018   123.028  4 56027.44623267 31.500
 140 127.578832  50.278356   197.688   197.596  5 56037.36187541  4.516
 141 127.578884  50.279032   175.533   175.052  5 56047.27751626 25.392
 142 127.579588  50.278498   173.157   173.177  4 56057.19315417 22.888
 143 127.580434  50.275797   122.526   122.512  5 56067.10878737 32.093
 144 127.580256  50.277609   122.725   122.704  5 56077.02443651 49.877
 145 127.578614  50.279296   187.261   190.042  5 56086.94008549  5.793
 146 127.577446  50.279678   194.105   194.139  4 56096.85573174 10.769
 147 127.578365  50.279259   183.761   186.167  4 56106.77137584 11.092
 149 127.580237  50.274026   198.484   198.484  2 56126.60264235  2.083
 150 127.581111  50.272041   123.688   123.680  4 56136.51827586 38.676
 151 127.580035  50.273068   122.851   122.881  4 56146.43391986 33.737
 153 127.579251  50.277259   124.045   124.083  5 56166.26521903 34.964
 154 127.579599  50.276979   170.899   174.970  5 56176.18086551 13.477
 155 127.580645  50.276003   123.931   123.911  5 56186.09650694 46.350
 156 127.580727  50.274803   125.860   127.780  5 56196.01214440 32.491
 157 127.580229  50.274623   173.957   173.067  4 56205.92777886 13.406
 158 127.580594  50.275286   174.322   175.132  4 56215.84341192 26.646
 159 127.580269  50.275447   123.494   123.529  4 56225.75905127 43.654
 160 127.579267  50.276598   187.130   187.714  5 56235.67470652 20.316
 161 127.579361  50.277606   121.970   121.989  4 56245.59035802 50.285
 162 127.578915  50.278349   185.496   185.741  4 56255.50600442 15.585
 165 127.577748  50.279089   123.851   123.810  4 56285.25293379 25.937
 166 127.578618  50.277957   123.924   123.843  5 56295.16858451 21.948
 168 127.579175  50.276935   124.687   123.297  5 56314.99987392 19.644
 169 127.578313  50.278471   131.207   131.393  5 56324.91551489 14.847
 170 127.577949  50.279126   132.113   132.271  4 56334.83115483 15.121
 171 127.579594  50.278198   127.871   128.473  4 56344.74679375 16.254
 172 127.580329  50.274254   130.980   130.930  4 56354.66242974 14.852
 173 127.580909  50.273601   131.864   131.807  4 56364.57807421 13.736
 174 127.580196  50.275962   132.077   132.550  5 56374.49372334 17.485
 176 127.577458  50.281893   165.306   165.286  4 56394.32501416 12.853
 177 127.576447  50.280939   130.534   132.617  4 56404.24065607 27.967
 178 127.577482  50.279102   175.426   175.207  4 56414.15629501 21.892
 179 127.580252  50.276542   192.635   196.820  5 56424.07192902  9.488
 180 127.579353  50.276296   192.540   192.764  4 56433.98757423 12.550
 181 127.578371  50.279911   127.777   127.355  4 56443.90322685 29.704
 182 127.576393  50.281614   197.232   197.847  4 56453.81887644 25.758
 183 127.578164  50.282688   124.729   124.738  4 56463.73452347 48.191
 184 127.577841  50.278938   123.244   123.222  5 56473.65016606 48.515
 185 127.580496  50.276736   183.742   194.493  5 56483.56580584  9.224
 186 127.580678  50.275043   174.148   174.356  4 56493.48144228 27.796
 187 127.580652  50.275164   126.105   126.141  4 56503.39707687 35.729
 188 127.580594  50.274362   185.854   185.971  4 56513.31270980 11.272
 189 127.580534  50.275592   185.374   187.079  5 56523.22835964 11.502
 190 127.579740  50.275033   198.337   198.534  4 56533.14401175  5.759
 192 127.580274  50.277001   196.038   196.699  4 56552.97530547 20.284
 193 127.578055  50.278719   200.776   200.716  4 56562.89094824  7.175
 194 127.576766  50.280454   199.316   199.106  4 56572.80658977  6.595
 195 127.578079  50.281034   175.619   175.902  4 56582.72222923 26.161
 196 127.579326  50.276907   184.615   184.387  4 56592.63786342  5.120
 197 127.580070  50.277211   180.485   180.276  5 56602.55351460  8.095
 198 127.578674  50.277458   121.398   121.418  5 56612.46916383 45.581
 199 127.578438  50.279534   121.801   121.839  5 56622.38480929 43.562
 200 127.578358  50.280726   122.019   122.032  4 56632.30045176 45.821
 201 127.578170  50.278033   122.406   122.419  4 56642.21608926 44.314
 202 127.579795  50.277434   123.950   123.917  5 56652.13173904 36.904
 203 127.580090  50.276554   124.071   124.037  5 56662.04738883 33.053
 204 127.580054  50.277272   124.024   124.071  4 56671.96303574 33.349
 205 127.578727  50.279309   124.107   124.047  5 56681.87868088 34.373
 206 127.577552  50.279877   123.948   124.072  5 56691.79432368 36.388
 207 127.578348  50.278695   123.887   124.023  5 56701.70996247 33.135
 208 127.580432  50.275431   123.785   123.807  4 56711.62559611 25.962
 210 127.579433  50.278077   178.997   178.450  5 56731.45689283  8.137
 211 127.577338  50.281070   123.810   123.307  5 56741.37254113 35.411
 212 127.577817  50.284134   124.307   124.291  4 56751.28818545 27.491
 213 127.576871  50.281715   124.998   124.934  4 56761.20382362 30.805
 214 127.579116  50.278160   123.922   123.809  4 56771.11945518 27.491
 215 127.577858  50.278246   122.631   122.618  4 56781.03510959 27.803
 216 127.577791  50.280757   179.506   178.537  4 56790.95076477 11.217
 217 127.577586  50.284065   176.698   174.712  4 56800.86641688 22.029
 218 127.576869  50.284652   124.467   124.460  4 56810.78206145 33.500
 219 127.578114  50.283832   123.922   123.986  4 56820.69770124 40.543
 220 127.578823  50.279471   175.410   169.237  4 56830.61333637  9.515
 221 127.580418  50.274765   122.490   122.484  5 56840.52896832 31.487
 222 127.582221  50.273447   125.381   123.408  3 56850.44460364 29.999
 223 127.580425  50.276920   123.344   122.891  4 56860.36025867 31.448
 224 127.577958  50.279350   170.432   164.907  4 56870.27591276  8.817
 225 127.576404  50.279990   205.167   205.176  4 56880.19156399  2.313
 226 127.578115  50.281325   122.685   122.706  4 56890.10721200 35.857
 227 127.579326  50.282163   122.135   122.244  3 56900.02285698 38.466
 228 127.576302  50.281431   189.317   195.263  4 56909.93849904  9.805
 229 127.577917  50.284426   122.280   122.250  4 56919.85414037 49.436
 230 127.576508  50.282980   121.908   121.865  4 56929.76977848 45.843
 231 127.577510  50.280248   174.448   169.105  4 56939.68541188 24.881
 232 127.579157  50.277561   174.678   175.980  5 56949.60104827 10.949
 233 127.579047  50.278512   121.502   121.546  5 56959.51670073 47.841
 234 127.578280  50.279208   121.074   121.034  4 56969.43234810 45.647
 235 127.577956  50.279329   120.933   120.887  5 56979.34799163 42.995
 236 127.578164  50.278186   122.185   122.210  4 56989.26363061 35.276
 237 127.580260  50.275467   121.977   122.007  4 56999.17926324 26.631
 238 127.580191  50.275895   121.992   121.939  5 57009.09491538 23.984
 239 127.580398  50.277158   125.606   125.027  5 57019.01056840 19.855
 240 127.582551  50.280708   128.954   128.954  2 57028.92621871 18.540
 241 127.578361  50.279233   130.205   130.526  5 57038.84186576 17.338
 242 127.577240  50.279274   132.390   132.349  4 57048.75751092 17.160
 243 127.578275  50.278816   131.847   131.847  4 57058.67315227 17.622
 244 127.580063  50.277503   131.631   131.731  4 57068.58878792 17.275
 245 127.580624  50.275675   130.984   130.935  5 57078.50441918 14.772
 246 127.580106  50.274879   131.417   131.410  5 57088.42005400 15.332
 247 127.577392  50.278676   184.248   189.160  4 57098.33571298  5.319
 248 127.578122  50.283005   131.283   133.637  4 57108.25136945 29.142
 249 127.577928  50.282651   133.798   133.774  4 57118.16701988 19.315
 250 127.578219  50.281254   123.039   123.095  4 57128.08266400 28.299
 251 127.577775  50.279250   174.343   174.655  4 57137.99830235 28.008
 252 127.578213  50.277839   203.202   203.173  3 57147.91393689  0.720
 253 127.579843  50.276220   174.205   174.888  5 57157.82956886 22.419
 254 127.579755  50.275658   176.317   175.857  5 57167.74521530 22.147
 255 127.581920  50.278904   123.692   123.692  2 57177.66087209 54.479
 256 127.579086  50.277123   195.768   196.689  5 57187.57652351  7.880
 257 127.580079  50.278899   122.637   122.658  4 57197.49217190 32.850
 258 127.582139  50.282142   122.978   122.978  2 57207.40780716 33.571
 259 127.578198  50.279925   122.659   122.761  4 57217.32345133 27.429
 260 127.578219  50.279406   185.517   189.704  4 57227.23909514  6.196
 261 127.578892  50.278356   130.227   132.676  4 57237.15473681 24.345
 262 127.579154  50.276849   123.375   123.299  4 57247.07037489 51.893
 263 127.579965  50.276911   122.884   122.826  5 57256.98601062 49.905
 264 127.579589  50.276987   122.870   122.874  4 57266.90164492 28.751
 265 127.578939  50.278364   121.589   121.591  4 57276.81729081 36.011
 266 127.578175  50.279743   121.975   122.028  5 57286.73294748 49.383
 267 127.578556  50.280170   185.364   191.437  4 57296.64860118 19.687
 268 127.578577  50.279842   160.251   164.485  4 57306.56425115 20.244
 269 127.576950  50.279823   181.451   182.276  4 57316.47989733 23.263
 270 127.577327  50.282133   122.165   122.187  4 57326.39554099 42.476
 271 127.576378  50.281335   121.076   121.077  4 57336.31118203 44.768
 272 127.577611  50.281423   171.438   173.163  4 57346.22682952 18.678
 273 127.577172  50.279091   121.841   121.836  4 57356.14247658 28.974
 274 127.578637  50.278342   121.849   121.860  4 57366.05812038 25.837
 275 127.578460  50.277528   126.263   127.178  4 57375.97376055 20.320
 276 127.578879  50.278083   127.713   127.241  4 57385.88939898 20.139
 277 127.579748  50.277880   129.906   130.231  5 57395.80503666 18.927
 278 127.580698  50.275943   128.992   128.957  4 57405.72067300 19.283
 279 127.580762  50.275862   129.809   129.871  4 57415.63632208 19.502
 281 127.578490  50.279814   132.054   132.091  4 57435.46762198 18.627
 282 127.577913  50.283494   130.322   132.938  4 57445.38326926 20.400
 283 127.576614  50.284251   133.683   133.732  4 57455.29891526 16.634
 284 127.577186  50.282903   133.678   133.665  4 57465.21455907 22.573
 285 127.577927  50.278140   121.872   121.864  4 57475.13019850 31.239
 286 127.580549  50.275860   177.394   179.306  5 57485.04583498  8.221
 287 127.580563  50.274208   186.147   192.908  4 57494.96146848 16.812
 288 127.580399  50.273682   122.225   122.199  4 57504.87710024 50.258
 289 127.580865  50.278959   123.982   124.034  3 57514.79275742 30.228
 290 127.578591  50.277643   124.209   124.110  4 57524.70841091 44.316
 291 127.579654  50.276709   175.933   176.297  4 57534.62406247 20.616
 292 127.580216  50.276414   185.695   188.507  5 57544.53971118 20.805
 293 127.579288  50.277438   182.049   182.126  4 57554.45535780 12.330
 294 127.577507  50.278913   130.269   132.483  4 57564.37100307 27.709
 295 127.577396  50.280489   129.336   129.843  5 57574.28664797 30.902
 296 127.577316  50.279686   124.557   124.563  4 57584.20229206 33.769
 297 127.578962  50.279039   123.987   124.003  5 57594.11793432 32.316
