-312827.922   117.610     0.00    6.10
-312539.904   115.911    -5.90    5.83
-312251.865   114.626    -4.46    5.50
-311963.803   113.600    -3.56    5.21
-311675.719   113.139    -1.60    5.69
-311387.612   114.581     5.00    6.93
-311099.484   116.977     8.31    7.53
-310811.333   119.550     8.93    7.14
-310523.160   121.306     6.09    5.98
-310234.965   122.518     4.20    5.67
-309946.748   123.214     2.42    5.96
-309658.508   123.281     0.23    6.88
-309370.246   122.512    -2.67    7.89
-309081.962   121.066    -5.01    8.77
-308793.656   119.360    -5.91    9.15
-308505.327   118.034    -4.60    9.11
-308216.976   116.641    -4.83    8.39
-307928.603   115.315    -4.60    7.18
-307640.208   114.574    -2.57    5.83
-307351.790   114.720     0.51    5.26
-307063.350   116.202     5.14    5.76
-306774.887   118.504     7.98    6.51
-306486.403   121.481    10.32    6.99
-306197.896   124.850    11.67    7.28
-305909.366   128.350    12.13    7.50
-305620.815   131.960    12.51    7.38
-305332.241   135.294    11.55    7.09
-305043.645   138.765    12.02    6.55
-304755.026   141.397     9.12    5.58
-304466.385   143.543     7.43    4.23
-304177.722   145.057     5.24    3.61
-303889.036   146.327     4.40    3.04
-303600.328   147.191     2.99    2.71
-303311.598   147.736     1.89    2.70
-303022.845   147.604    -0.46    2.92
-302734.070   147.248    -1.23    3.49
-302445.272   146.794    -1.57    4.21
-302156.453   145.875    -3.18    5.02
-301867.610   144.631    -4.31    5.67
-301578.746   142.899    -6.00    6.04
-301289.859   140.985    -6.62    6.55
-301000.949   138.450    -8.77    7.58
-300712.017   135.813    -9.12    8.04
-300423.063   133.782    -7.03    6.99
-300134.086   132.875    -3.14    5.57
-299845.087   132.922     0.16    5.09
-299556.065   134.374     5.02    6.11
-299267.021   136.937     8.86    6.95
-298977.955   139.992    10.57    6.55
-298688.866   142.990    10.36    5.83
-298399.755   145.566     8.91    5.60
-298110.621   147.805     7.74    5.68
-297821.465   149.975     7.50    5.63
-297532.286   151.623     5.70    4.98
-297243.085   153.225     5.54    4.00
-296953.861   153.821     2.06    2.97
-296664.615   153.450    -1.28    3.01
-296375.346   152.304    -3.96    3.74
-296086.055   150.370    -6.68    4.57
-295796.741   148.070    -7.95    5.22
-295507.405   145.426    -9.14    5.56
-295218.046   142.450   -10.28    5.75
-294928.665   139.626    -9.76    6.24
-294639.261   136.626   -10.36    5.91
-294349.834   134.359    -7.83    5.11
-294060.386   133.570    -2.72    4.94
-293770.914   134.506     3.23    6.75
-293481.420   137.646    10.84    9.63
-293191.904   142.293    16.05   10.94
-292902.365   147.864    19.23   10.48
-292612.803   152.899    17.38    8.30
-292323.219   156.445    12.24    5.58
-292033.612   158.871     8.37    3.57
-291743.982   159.724     2.95    2.68
-291454.330   159.628    -0.33    3.48
-291166.636   158.152    -5.13    5.09
-290881.707   155.655    -8.76    6.76
-290596.757   152.550   -10.89    7.68
-290311.785   150.038    -8.81    7.45
-290026.792   148.650    -4.87    7.01
-289741.776   148.834     0.65    7.84
-289456.740   150.352     5.33    9.35
-289171.682   153.512    11.08   10.05
-288886.602   157.725    14.77    8.47
-288601.500   161.432    13.00    6.09
-288316.377   163.501     7.25    4.87
-288031.233   164.282     2.74    4.17
-287746.066   164.155    -0.45    3.99
-287460.878   162.689    -5.14    4.73
-287175.669   160.271    -8.48    6.12
-286890.438   156.795   -12.18    7.42
-286605.185   153.557   -11.35    7.26
-286319.910   151.306    -7.89    6.68
-286034.614   150.759    -1.92    7.14
-285749.297   151.817     3.71    8.80
-285463.957   154.201     8.35    9.98
-285178.596   157.224    10.59    9.72
-284893.213   160.032     9.84    7.71
-284607.809   161.168     3.98    5.68
-284322.383   160.506    -2.32    5.75
-284036.935   157.975    -8.87    7.14
-283751.466   154.538   -12.04    7.69
-283465.975   151.841    -9.45    6.82
-283180.462   150.492    -4.72    6.24
-282894.927   150.236    -0.90    6.77
-282609.371   151.177     3.29    7.65
-282323.793   152.893     6.01    7.78
-282038.193   153.832     3.29    7.34
-281752.572   153.116    -2.51    7.57
-281466.929   151.318    -6.29    7.94
-281181.264   149.351    -6.88    7.41
-280895.577   148.822    -1.85    7.10
-280609.869   149.675     2.98    8.15
-280324.138   152.023     8.22    9.94
-280038.387   155.861    13.43   11.88
-279752.613   161.057    18.18   13.32
-279466.817   165.981    17.23   13.55
-279181.000   170.492    15.78   12.21
-278895.161   174.964    15.64    9.74
-278609.301   178.834    13.54    7.93
-278323.418   181.788    10.33    5.85
-278037.514   183.445     5.80    4.95
-277751.587   184.213     2.68    4.57
-277465.640   184.532     1.12    3.72
-277179.670   184.167    -1.27    3.48
-276893.678   182.888    -4.47    4.00
-276607.665   180.574    -8.09    5.47
-276321.630   177.404   -11.08    7.08
-276035.572   173.668   -13.05    8.04
-275749.494   169.891   -13.20    8.08
-275463.393   166.466   -11.97    7.42
-275177.270   163.202   -11.41    6.69
-274891.126   160.168   -10.60    5.63
-274604.960   159.490    -2.37    5.64
-274318.771   160.770     4.47    8.77
-274032.561   164.092    11.60   11.95
-273746.330   167.681    12.54   13.07
-273460.076   173.137    19.05   13.41
-273173.800   179.292    21.50   12.54
-272887.503   185.181    20.56   10.01
-272601.183   188.959    13.19    8.45
-272314.842   191.037     7.25    7.72
-272028.479   192.091     3.68    6.95
-271742.093   193.461     4.79    6.30
-271455.686   194.293     2.90    5.72
-271169.257   194.866     2.00    5.29
-270882.806   195.124     0.90    4.48
-270596.334   194.641    -1.69    4.59
-270309.839   193.026    -5.64    6.52
-270023.322   190.792    -7.79    7.62
-269736.783   189.304    -5.19    7.41
-269450.223   188.492    -2.83    7.13
-269163.640   188.070    -1.47    6.98
-268877.036   188.570     1.74    6.76
-268590.409   190.070     5.23    6.00
-268303.761   192.070     6.98    3.43
-268017.090   192.644     2.00    1.99
-267730.398   192.070    -2.00    2.23
-267443.683   191.271    -2.79    2.52
-267156.947   190.294    -3.41    3.17
-266870.189   189.066    -4.28    3.91
-266583.408   187.637    -4.98    4.84
-266296.606   186.181    -5.07    5.23
-266009.781   185.102    -3.76    5.28
-265722.935   183.558    -5.38    5.36
-265436.066   182.620    -3.27    5.46
-265149.176   182.121    -1.74    5.69
-264862.263   181.666    -1.59    5.40
-264575.329   181.144    -1.82    5.58
-264288.372   180.581    -1.96    5.66
-264001.393   179.638    -3.28    5.85
-263714.392   178.043    -5.56    6.82
-263427.370   175.418    -9.14    7.82
-263140.325   172.529   -10.06    8.08
-262853.258   169.787    -9.55    7.31
-262566.169   167.589    -7.66    5.77
-262279.058   166.131    -5.08    3.83
-261991.924   166.073    -0.20    3.19
-261704.769   167.480     4.90    4.32
-261417.592   170.365    10.04    6.70
-261130.392   174.883    15.73    9.25
-260843.170   179.688    16.73   10.13
-260555.927   184.236    15.83    9.49
-260268.661   187.922    12.83    8.03
-259981.373   191.236    11.53    6.08
-259694.063   193.341     7.32    5.14
-259406.730   193.282    -0.20    6.25
-259119.376   191.452    -6.37    7.98
-258831.999   189.339    -7.35    8.48
-258544.601   188.604    -2.56    7.99
-258257.180   188.478    -0.44    6.66
-257969.737   187.178    -4.52    5.64
-257682.271   185.724    -5.06    5.78
-257394.784   184.608    -3.88    6.81
-257107.274   183.450    -4.03    7.91
-256819.743   181.104    -8.15    8.96
-256532.189   176.852   -14.78    9.08
-256244.612   172.038   -16.74    8.66
-255957.014   167.480   -15.85    8.91
-255669.394   162.668   -16.73    9.73
-255381.751   159.147   -12.24    9.74
-255094.086   157.089    -7.15    9.43
-254806.398   155.742    -4.68    9.00
-254518.689   155.512    -0.80    9.34
-254230.957   155.059    -1.57    9.27
-253943.203   155.046    -0.05    8.73
-253655.427   155.259     0.74    7.90
-253367.629   154.900    -1.25    7.62
-253079.808   153.877    -3.55    8.19
-252791.965   152.754    -3.90    8.78
-252504.100   151.370    -4.80    8.79
-252216.212   150.237    -3.94    8.74
-251928.303   149.237    -3.47    8.38
-251640.371   148.100    -3.95    7.73
-251352.416   146.225    -6.51    7.19
-251064.440   143.405    -9.79    7.62
-250776.441   139.978   -11.90    8.32
-250488.419   136.360   -12.56    8.67
-250200.376   133.046   -11.50    7.91
-249912.310   130.314    -9.48    6.68
-249624.222   127.675    -9.16    5.36
-249336.111   125.853    -6.32    4.25
-249047.978   124.072    -6.18    3.80
-248759.823   122.292    -6.18    4.20
-248471.645   120.370    -6.67    4.46
-248183.446   118.380    -6.90    4.58
-247895.223   116.315    -7.16    4.13
-247606.979   114.566    -6.07    3.63
-247318.712   113.157    -4.89    2.89
-247030.422   111.922    -4.28    2.34
-246742.111   111.048    -3.03    1.83
-246453.777   110.381    -2.31    1.88
-246165.420   109.799    -2.02    2.02
-245877.041   109.248    -1.91    2.08
-245588.640   108.678    -1.98    1.99
-245300.216   108.175    -1.74    2.04
-245011.770   107.694    -1.67    1.90
-244723.302   107.120    -1.99    1.72
-244434.811   106.713    -1.41    1.61
-244146.297   106.364    -1.21    1.46
-243857.761   106.123    -0.84    1.25
-243569.203   106.089    -0.12    1.21
-243280.622   105.907    -0.63    1.10
-242992.019   105.880    -0.09    1.15
-242703.394   105.983     0.36    1.24
-242414.746   106.055     0.25    1.25
-242126.075   105.980    -0.26    1.14
-241837.382   105.887    -0.32    1.18
-241548.667   105.973     0.30    1.20
-241259.929   106.096     0.43    1.15
-240971.168   106.178     0.28    1.16
-240682.386   106.329     0.52    1.11
-240393.580   106.410     0.28    1.15
-240104.752   106.484     0.25    1.12
-239815.902   106.652     0.58    1.12
-239527.029   106.792     0.48    1.10
-239238.133   106.990     0.68    1.22
-238949.215   107.292     1.05    1.57
-238660.275   108.006     2.47    2.20
-238371.312   108.983     3.38    3.05
-238082.326   110.384     4.85    4.05
-237793.318   112.057     5.79    4.41
-237504.288   114.026     6.81    4.62
-237215.234   116.137     7.30    5.39
-236926.158   119.314    10.99    7.23
-236637.060   123.668    15.06   10.60
-236347.939   128.540    16.85   13.60
-236058.796   133.372    16.71   15.65
-235769.629   138.237    16.82   16.32
-235480.441   142.001    13.01   16.03
-235191.229   143.622     5.60   16.65
-234901.996   143.402    -0.76   17.80
-234612.739   141.270    -7.37   18.30
-234323.460   138.248   -10.44   17.46
-234034.158   134.048   -14.52   14.35
-233744.834   131.501    -8.80   11.00
-233455.487   130.336    -4.02    8.52
-233166.117   130.781     1.54    8.11
-232876.725   131.604     2.84    7.89
-232587.310   131.970     1.27    7.05
-232297.872   132.615     2.23    6.84
-232008.412   134.137     5.26    7.40
-231718.929   135.787     5.70    8.14
-231429.424   137.983     7.58    9.17
-231139.895   140.922    10.15   10.46
-230850.344   144.565    12.58   11.72
-230560.771   149.509    17.07   12.49
-230271.175   153.771    14.71   12.55
-229981.556   157.678    13.49   11.73
-229691.914   161.592    13.51   10.02
-229402.249   164.788    11.03    8.01
-229115.827   167.021     7.79    5.84
-228830.917   167.986     3.39    5.56
-228545.986   168.592     2.13    6.37
-228261.033   169.179     2.06    7.00
-227976.059   170.600     4.99    6.63
-227691.062   172.178     5.53    6.30
-227406.044   173.864     5.91    6.30
-227121.005   175.742     6.59    6.39
-226835.943   178.166     8.50    6.25
-226550.860   180.673     8.79    5.63
-226265.756   183.570    10.16    5.45
-225980.629   186.156     9.07    5.20
-225695.481   188.236     7.30    6.23
-225410.311   190.384     7.53    7.24
-225125.119   192.937     8.95    7.01
-224839.906   194.891     6.85    6.80
-224554.671   196.960     7.25    4.64
-224269.414   198.225     4.43    3.47
-223984.136   198.399     0.61    3.97
-223698.835   198.471     0.25    4.27
-223413.513   198.701     0.81    4.26
-223128.169   199.719     3.57    4.71
-222842.804   201.512     6.28    5.71
-222557.416   203.650     7.49    7.15
-222272.007   206.896    11.37    8.49
-221986.576   210.305    11.94    8.57
-221701.124   212.880     9.02    8.92
-221415.649   215.317     8.53   10.65
-221130.153   219.032    13.01   12.92
-220844.635   222.248    11.26   13.29
-220559.095   223.294     3.66   13.09
-220273.533   222.422    -3.05   12.40
-219987.949   220.794    -5.70   12.10
-219702.344   219.615    -4.13   11.69
-219416.717   217.535    -7.28   12.91
-219131.067   214.202   -11.67   13.59
-218845.397   211.066   -10.97   13.70
-218559.704   208.646    -8.47   13.25
-218273.989   208.684     0.14   12.90
-217988.253   211.179     8.73   14.85
-217702.494   212.839     5.81   16.11
-217416.714   215.213     8.31   17.18
-217130.912   219.678    15.62   19.76
-216845.088   222.248     8.99   19.99
-216559.242   225.503    11.39   19.85
-216273.374   229.032    12.34   19.34
-215987.485   234.282    18.36   20.32
-215701.573   239.918    19.71   20.53
-215415.640   244.373    15.58   20.80
-215129.684   250.202    20.38   22.19
-214843.707   257.201    24.47   24.00
-214557.708   262.236    17.60   24.50
-214271.687   268.592    22.22   25.31
-213985.644   273.678    17.77   25.11
-213699.579   278.871    18.15   22.50
-213413.492   282.910    14.12   18.41
-213127.383   285.960    10.66   15.92
-212841.252   286.455     1.73   14.65
-212555.099   285.180    -4.45   14.77
-212268.925   284.509    -2.34   15.13
-211982.728   283.907    -2.10   15.45
-211696.509   284.691     2.74   14.40
-211410.269   286.052     4.75   12.22
-211124.006   286.306     0.89   11.27
-210837.721   284.765    -5.38   12.10
-210551.415   281.841   -10.21   13.43
-210265.086   276.852   -17.42   14.89
-209978.735   270.029   -23.82   15.25
-209692.363   265.061   -17.34   14.40
-209405.968   261.566   -12.20   13.43
-209119.551   258.998    -8.96   12.96
-208833.112   257.282    -5.99   13.27
-208546.652   254.271   -10.51   14.27
-208260.169   251.157   -10.87   14.20
-207973.664   249.259    -6.62   13.37
-207687.137   249.271     0.04   14.20
-207400.588   249.661     1.36   13.83
-207114.017   248.375    -4.49   11.93
-206827.424   246.643    -6.04   10.82
-206540.809   245.992    -2.27   10.08
-206254.172   244.420    -5.48   10.42
-205967.512   242.181    -7.81   10.71
-205680.831   239.092   -10.77   10.54
-205394.127   235.394   -12.90   10.47
-205107.402   231.501   -13.58   10.89
-204820.654   227.375   -14.38   11.21
-204533.884   223.875   -12.20   10.26
-204247.093   220.424   -12.03    8.60
-203960.279   217.283   -10.95    6.70
-203673.442   215.377    -6.64    5.22
-203386.584   214.006    -4.78    4.64
-203099.704   213.776    -0.80    5.72
-202812.801   214.394     2.15    7.95
-202525.876   215.637     4.33   10.82
-202238.930   217.203     5.46   13.23
-201951.961   218.237     3.60   14.51
-201664.969   219.551     4.58   15.60
-201377.956   220.592     3.63   16.23
-201090.921   220.089    -1.75   15.90
-200803.863   219.634    -1.58   15.43
-200516.783   220.317     2.38   14.97
-200229.681   221.091     2.70   14.54
-199942.557   221.848     2.64   13.98
-199655.410   222.820     3.38   13.29
-199368.242   223.798     3.41   12.05
-199081.051   224.904     3.85   10.79
-198793.838   225.592     2.40   10.11
-198506.602   224.826    -2.67   10.02
-198219.345   222.765    -7.17   10.65
-197932.065   218.337   -15.41   13.11
-197644.763   212.325   -20.92   14.97
-197357.439   207.732   -15.98   14.96
-197070.092   205.171    -8.91   13.76
-196782.724   203.336    -6.39   12.17
-196495.333   202.077    -4.38   11.16
-196207.919   203.570     5.19   12.60
-195920.484   206.259     9.36   13.40
-195633.026   209.881    12.60   13.40
-195345.546   212.520     9.18   13.20
-195058.043   213.809     4.48   12.66
-194770.519   213.629    -0.63   12.08
-194482.972   212.182    -5.03   11.83
-194195.403   210.050    -7.41   12.47
-193907.811   206.864   -11.08   13.58
-193620.197   203.697   -11.01   13.77
-193332.561   200.945    -9.57   12.76
-193044.902   199.574    -4.76   11.59
-192757.221   199.495    -0.27   10.77
-192469.518   200.688     4.14   10.61
-192181.793   201.727     3.61   10.13
-191894.045   202.959     4.28    8.99
-191606.275   202.857    -0.35    8.89
-191318.482   200.998    -6.46   10.52
-191030.667   197.600   -11.81   11.66
-190742.830   193.670   -13.65   11.15
-190454.970   190.964    -9.40    9.78
-190167.088   188.843    -7.36    8.23
-189879.183   186.611    -7.75    7.00
-189591.257   185.809    -2.79    6.70
-189303.307   185.853     0.15    7.09
-189015.336   186.523     2.33    7.84
-188727.342   187.633     3.85    8.64
-188439.325   188.592     3.33    8.97
-188151.286   189.292     2.43    8.84
-187863.225   189.370     0.27    8.21
-187575.141   188.648    -2.51    7.53
-187287.035   187.897    -2.61    6.69
-186998.906   187.402    -1.72    6.09
-186710.755   186.995    -1.41    5.60
-186422.582   186.540    -1.58    5.33
-186134.386   185.857    -2.37    5.33
-185846.167   185.191    -2.31    5.49
-185557.927   183.623    -5.44    5.30
-185269.663   181.422    -7.63    5.52
-184981.377   179.224    -7.62    5.68
-184693.069   177.512    -5.94    5.24
-184404.738   176.428    -3.76    4.43
-184116.385   176.270    -0.55    4.52
-183828.009   176.001    -0.93    4.67
-183539.611   176.236     0.82    5.32
-183251.190   176.631     1.37    5.72
-182962.747   176.397    -0.81    5.81
-182674.281   175.589    -2.80    5.64
-182385.792   175.547    -0.15    5.41
-182097.281   177.189     5.69    7.81
-181808.748   180.983    13.15   11.09
-181520.192   185.136    14.39   12.39
-181231.613   189.089    13.70   12.20
-180943.012   192.475    11.73   10.76
-180654.389   194.089     5.59    9.23
-180365.742   193.373    -2.48    9.61
-180077.074   190.748    -9.09   10.20
-179788.382   187.558   -11.05    9.04
-179499.668   185.006    -8.84    7.49
-179210.932   183.934    -3.71    6.81
-178922.172   184.661     2.52    8.62
-178633.391   186.736     7.18   12.44
-178344.586   190.948    14.58   16.94
-178055.759   195.877    17.06   20.16
-177766.910   202.271    22.13   21.73
-177478.038   208.817    22.66   20.83
-177189.143   214.178    18.55   18.24
-176900.225   217.995    13.21   14.65
-176611.285   220.983    10.34   11.25
-176322.322   220.121    -2.98   12.11
-176033.337   217.792    -8.06   14.08
-175744.329   215.259    -8.76   15.16
-175455.298   211.433   -13.24   15.81
-175166.245   207.083   -15.05   15.91
-174877.169   204.648    -8.42   16.80
-174588.070   202.404    -7.76   18.29
-174298.949   199.677    -9.43   19.96
-174009.805   196.622   -10.56   21.11
-173720.638   192.973   -12.61   21.88
-173431.448   192.150    -2.85   22.89
-173142.236   189.182   -10.26   22.43
-172853.001   184.634   -15.72   20.63
-172563.743   180.563   -14.07   17.89
-172274.463   178.034    -8.74   14.99
-171985.160   175.926    -7.29   12.32
-171695.834   174.770    -3.99   11.69
-171406.486   173.424    -4.65   11.20
-171117.114   172.064    -4.70   10.13
-170827.720   170.962    -3.80    9.47
-170538.303   169.578    -4.78    8.21
-170248.864   167.437    -7.40    5.45
-169959.402   166.518    -3.18    4.29
-169669.916   165.686    -2.87    3.27
-169380.409   165.315    -1.28    2.46
-169090.878   165.633     1.10    2.99
-168801.324   167.237     5.54    7.04
-168511.748   169.578     8.08   11.45
-168222.149   173.592    13.86   18.50
-167932.527   179.304    19.72   26.36
-167642.883   185.681    22.02   31.58
-167353.215   191.237    19.18   33.23
-167068.024   192.314     3.78   31.47
-166783.120   190.553    -6.18   29.04
-166498.194   189.457    -3.84   26.42
-166213.246   187.015    -8.57   24.09
-165928.277   183.937   -10.80   21.23
-165643.285   179.859   -14.31   16.58
-165358.272   178.070    -6.28   13.97
-165073.238   180.015     6.82   17.85
-164788.181   184.837    16.91   23.46
-164503.103   191.170    22.21   27.80
-164218.003   199.555    29.40   29.38
-163932.881   207.726    28.65   28.22
-163647.737   215.815    28.36   26.46
-163362.571   225.204    32.92   23.05
-163077.384   235.259    35.25   19.84
-162792.175   243.803    29.95   19.35
-162506.943   251.611    27.37   18.36
-162221.691   256.161    15.95   16.30
-161936.416   258.424     7.93   17.74
-161651.119   261.787    11.79   19.50
-161365.801   264.566     9.74   23.96
-161080.460   264.704     0.48   28.50
-160795.098   263.776    -3.25   32.67
-160509.714   259.096   -16.40   38.26
-160224.308   252.857   -21.86   42.27
-159938.880   248.477   -15.34   42.66
-159653.431   242.183   -22.04   42.18
-159367.959   231.380   -37.84   39.15
-159082.466   217.748   -47.74   34.92
-158796.950   205.506   -42.87   30.35
-158511.413   196.428   -31.79   26.76
-158225.854   189.402   -24.60   23.63
-157940.273   183.149   -21.89   11.96
-157654.670   186.172    10.58   18.98
-157369.045   196.379    35.73   35.49
-157083.398   207.846    40.14   43.07
-156797.729   218.683    37.93   46.40
-156512.038   230.359    40.86   48.06
-156226.326   243.192    44.91   48.15
-155940.591   254.259    38.73   47.52
-155654.834   258.270    14.03   47.19
-155369.056   255.835    -8.52   44.36
-155083.255   254.818    -3.56   39.54
-154797.433   257.072     7.89   34.49
-154511.588   260.216    11.00   31.30
-154225.722   266.990    23.70   29.14
-153939.833   273.105    21.39   29.61
-153653.923   283.057    34.80   30.62
-153367.990   293.091    35.09   29.84
-153082.036   301.012    27.70   30.03
-152796.059   311.017    34.98   29.21
-152510.061   321.926    38.14   28.91
-152224.040   333.204    39.43   28.50
-151937.998   345.116    41.64   25.40
-151651.933   353.248    28.42   21.09
-151365.846   355.962     9.49   19.21
-151079.738   351.102   -16.99   27.00
-150793.607   341.270   -34.36   35.41
-150507.454   331.057   -35.69   38.34
-150221.279   324.171   -24.06   39.23
-149935.082   319.737   -15.49   40.28
-149648.864   317.759    -6.91   43.88
-149362.622   323.716    20.81   48.22
-149076.359   330.650    24.22   48.69
-148790.074   332.172     5.31   44.57
-148503.767   329.481    -9.40   42.30
-148217.437   324.214   -18.39   39.27
-147931.086   321.461    -9.61   38.66
-147644.712   317.237   -14.75   39.67
-147358.316   311.578   -19.76   37.23
-147071.899   307.883   -12.90   35.57
-146785.459   306.661    -4.26   34.22
-146498.997   302.368   -14.99   27.79
-146212.512   298.607   -13.13   20.54
-145926.006   297.492    -3.89   16.59
-145639.477   300.619    10.91   18.56
-145352.927   306.877    21.84   22.37
-145066.354   314.358    26.10   24.01
-144779.759   322.226    27.45   24.71
-144493.142   331.076    30.87   24.80
-144206.502   339.248    28.51   23.18
-143919.841   345.539    21.94   19.77
-143633.157   349.336    13.24   17.45
-143346.451   350.937     5.58   17.07
-143059.723   349.911    -3.58   18.14
-142772.973   345.798   -14.34   20.24
-142486.200   336.140   -33.68   22.02
-142199.406   325.006   -38.81   24.07
-141912.589   312.689   -42.94   26.12
-141625.750   301.542   -38.86   24.08
-141338.888   292.705   -30.80   19.00
-141052.005   293.248     1.89   20.73
-140765.099   298.881    19.63   27.77
-140478.171   308.821    34.64   33.62
-140191.220   323.652    51.68   37.71
-139904.248   336.607    45.14   35.97
-139617.253   345.987    32.68   29.46
-139330.236   353.281    25.41   25.20
-139043.196   356.672    11.81   24.02
-138756.135   355.042    -5.68   25.40
-138469.051   351.150   -13.55   24.64
-138181.944   346.697   -15.51   20.35
-137894.816   347.855     4.03   20.38
-137607.665   352.821    17.29   23.78
-137320.492   360.564    26.96   26.79
-137033.297   367.926    25.63   27.72
-136746.079   376.324    29.24   27.83
-136458.839   383.944    26.52   25.68
-136171.576   387.765    13.30   25.94
-135884.292   389.567     6.27   26.28
-135596.985   390.945     4.79   25.87
-135309.655   392.686     6.06   25.62
-135022.303   395.037     8.18   26.22
-134734.929   399.883    16.86   27.86
-134447.533   406.420    22.75   28.58
-134160.114   415.726    32.37   30.15
-133872.673   425.887    35.35   30.45
-133585.209   434.732    30.77   29.81
-133297.723   441.886    24.88   30.51
-133010.215   445.461    12.44   31.63
-132722.684   444.798    -2.31   31.96
-132435.131   440.501   -14.94   31.08
-132147.556   431.205   -32.32   32.07
-131859.958   415.603   -54.24   37.82
-131572.337   395.911   -68.46   46.64
-131284.695   373.074   -79.38   52.82
-130997.029   349.085   -83.38   52.47
-130709.342   325.092   -83.39   45.80
-130421.632   305.203   -69.12   36.23
-130133.899   290.448   -51.27   23.97
-129846.144   282.820   -26.51   14.13
-129558.367   282.966     0.51   15.07
-129270.567   288.303    18.54   21.64
-128982.745   296.689    29.14   26.80
-128694.900   306.987    35.77   30.50
-128407.033   316.837    34.21   33.48
-128119.143   325.124    28.78   37.08
-127831.231   332.540    25.75   39.15
-127543.296   339.304    23.49   38.74
-127255.339   342.803    12.15   37.34
-126967.359   344.868     7.17   35.10
-126679.357   345.400     1.85   32.35
-126391.332   345.596     0.68   29.07
-126103.285   345.369    -0.79   27.37
-125815.215   347.292     6.68   28.18
-125527.123   354.075    23.54   30.90
-125239.008   360.604    22.66   31.47
-124950.871   367.325    23.32   31.28
-124662.711   376.020    30.17   32.34
-124374.528   387.194    38.77   32.72
-124086.323   400.368    45.71   34.35
-123798.096   411.391    38.24   34.55
-123509.846   424.637    45.95   32.92
-123221.573   438.699    48.77   31.62
-122933.278   450.578    41.20   28.99
-122644.960   459.126    29.64   25.88
-122356.619   464.515    18.69   24.41
-122068.256   467.001     8.62   26.37
-121779.871   465.461    -5.34   30.93
-121491.462   461.881   -12.41   33.26
-121203.031   459.292    -8.97   31.17
-120914.578   458.611    -2.36   27.39
-120626.102   461.259     9.18   23.73
-120337.603   464.226    10.28   19.91
-120049.082   466.859     9.13   15.88
-119760.538   466.133    -2.52   15.71
-119471.971   462.759   -11.69   20.25
-119183.382   456.550   -21.51   27.57
-118894.770   445.918   -36.83   32.44
-118606.135   436.596   -32.29   29.99
-118317.478   432.904   -12.79   26.48
-118028.798   435.748     9.85   28.21
-117740.095   442.742    24.22   30.07
-117451.370   450.748    27.72   31.48
-117162.622   462.832    41.85   30.07
-116873.851   475.765    44.78   27.02
-116585.057   488.306    43.42   26.14
-116296.241   501.839    46.85   27.61
-116007.402   515.004    45.57   28.26
-115718.541   527.037    41.65   27.48
-115429.657   537.532    36.33   25.10
-115140.749   546.120    29.72   22.45
-114851.820   552.585    22.37   18.77
-114562.867   557.439    16.80   14.31
-114273.892   559.202     6.10   13.83
-113984.894   558.021    -4.09   15.52
-113695.873   554.933   -10.68   17.92
-113406.830   550.305   -16.01   20.77
-113117.763   543.948   -21.99   23.15
-112828.674   535.361   -29.70   25.81
-112539.562   525.120   -35.42   27.41
-112250.428   513.611   -39.80   29.55
-111961.270   500.998   -43.62   30.54
-111672.090   490.046   -37.87   31.00
-111382.887   478.652   -39.39   29.73
-111093.661   468.372   -35.54   27.21
-110804.412   459.034   -32.28   25.02
-110515.141   447.834   -38.72   23.98
-110225.847   437.873   -34.43   22.65
-109936.530   431.282   -22.78   21.79
-109647.190   427.922   -11.61   22.78
-109357.827   428.623     2.42   27.62
-109068.441   430.215     5.50   29.87
-108779.033   428.781    -4.95   29.38
-108489.601   425.416   -11.62   28.89
-108200.147   419.328   -21.03   29.83
-107910.670   412.811   -22.51   28.62
-107621.170   404.191   -29.77   25.20
-107331.647   394.409   -33.78   18.85
-107042.101   386.619   -26.90   16.08
-106752.532   382.181   -15.32   15.96
-106462.941   379.042   -10.84   17.46
-106173.326   375.448   -12.41   17.52
-105883.689   371.776   -12.68   18.60
-105594.029   366.226   -19.16   18.73
-105305.293   360.692   -19.16   18.49
-105020.441   354.715   -20.98   17.75
-104735.566   349.381   -18.72   16.62
-104450.670   344.182   -18.25   16.03
-104165.753   339.578   -16.16   14.85
-103880.813   335.481   -14.38   13.19
-103595.851   332.169   -11.62   12.81
-103310.868   328.634   -12.40   12.71
-103025.863   326.748    -6.62   14.00
-102740.836   324.050    -9.46   14.01
-102455.787   322.100    -6.84   14.53
-102170.716   319.770    -8.17   14.29
-101885.623   317.226    -8.92   13.45
-101600.508   314.596    -9.22   12.22
-101315.372   312.691    -6.68   11.62
-101030.213   311.077    -5.66   11.06
-100745.033   309.798    -4.48   10.67
-100459.831   308.707    -3.83   10.94
-100174.607   309.850     4.01   14.16
 -99889.361   311.810     6.87   19.62
 -99604.092   312.077     0.94   21.58
 -99318.803   311.967    -0.39   23.44
 -99033.491   310.259    -5.99   22.09
 -98748.157   309.350    -3.19   21.11
 -98462.801   309.305    -0.16   22.02
 -98177.423   312.577    11.47   26.45
 -97892.024   320.664    28.33   35.80
 -97606.602   327.619    24.37   40.32
 -97321.158   336.079    29.64   43.35
 -97035.693   341.861    20.25   42.40
 -96750.205   342.566     2.47   38.79
 -96464.695   340.495    -7.25   33.89
 -96179.164   336.754   -13.10   30.97
 -95893.610   334.248    -8.77   30.23
 -95608.035   329.850   -15.40   30.74
 -95322.437   326.637   -11.25   32.55
 -95036.818   324.292    -8.21   34.67
 -94751.176   324.498     0.72   36.09
 -94465.512   325.085     2.05   35.46
 -94179.827   321.933   -11.03   35.75
 -93894.119   314.489   -26.05   34.56
 -93608.389   305.941   -29.91   34.16
 -93322.638   295.392   -36.91   32.89
 -93036.864   284.270   -38.92   29.88
 -92751.068   275.692   -30.01   24.27
 -92465.250   268.670   -24.57   17.13
 -92179.410   264.158   -15.78   13.76
 -91893.548   263.226    -3.26   13.99
 -91607.664   265.881     9.29   16.05
 -91321.757   271.556    19.85   18.81
 -91035.829   277.824    21.92   21.55
 -90749.879   284.528    23.44   22.97
 -90463.906   290.892    22.25   22.68
 -90177.912   297.479    23.03   20.32
 -89891.895   303.281    20.28   18.51
 -89605.856   310.053    23.67   17.33
 -89319.795   315.589    19.35   16.66
 -89033.712   320.859    18.42   15.87
 -88747.607   325.504    16.23   15.69
 -88461.479   329.504    13.98   14.84
 -88175.330   331.831     8.13   12.95
 -87889.158   332.646     2.85   11.61
 -87602.964   330.780    -6.52   13.17
 -87316.748   328.141    -9.22   14.69
 -87030.510   324.172   -13.86   15.38
 -86744.250   319.226   -17.28   14.25
 -86457.968   314.506   -16.48   14.24
 -86171.663   308.848   -19.76   14.53
 -85885.336   302.629   -21.72   14.82
 -85598.987   297.897   -16.52   15.00
 -85312.616   292.915   -17.40   13.56
 -85026.223   288.367   -15.88   13.22
 -84739.807   283.064   -18.51   11.31
 -84453.369   278.181   -17.05    9.83
 -84166.909   272.959   -18.23    9.83
 -83880.427   267.031   -20.69   12.00
 -83593.922   261.025   -20.96   13.55
 -83307.396   255.592   -18.96   13.29
 -83020.847   254.525    -3.72   16.02
 -82734.275   256.958     8.49   20.71
 -82447.682   260.545    12.51   23.76
 -82161.066   267.034    22.64   27.33
 -81874.428   274.083    24.59   26.56
 -81587.768   285.259    38.98   25.58
 -81301.085   294.743    33.08   21.76
 -81014.381   297.706    10.33   21.78
 -80727.654   297.012    -2.42   22.31
 -80440.904   293.900   -10.85   23.64
 -80154.132   287.237   -23.24   25.87
 -79867.339   281.226   -20.96   26.70
 -79580.522   276.759   -15.57   23.17
 -79293.684   276.770     0.04   22.93
 -79006.823   280.130    11.71   26.21
 -78719.940   288.919    30.63   32.06
 -78433.034   299.204    35.85   32.89
 -78146.106   310.138    38.10   29.85
 -77859.156   319.978    34.29   27.03
 -77572.183   326.104    21.34   25.80
 -77285.188   331.259    17.96   23.45
 -76998.171   336.653    18.79   21.89
 -76711.132   343.685    24.50   19.26
 -76424.070   347.748    14.15   17.44
 -76136.985   349.951     7.67   15.77
 -75849.879   351.484     5.34   13.70
 -75562.749   351.303    -0.63   12.58
 -75275.598   347.727   -12.45   13.54
 -74988.424   341.711   -20.95   14.61
 -74701.228   334.685   -24.46   15.03
 -74414.009   329.291   -18.78   14.64
 -74126.768   325.336   -13.77   12.32
 -73839.504   322.659    -9.32    9.29
 -73552.218   321.392    -4.41    7.24
 -73264.910   322.490     3.82    6.67
 -72977.579   325.603    10.83    7.76
 -72690.226   329.759    14.46    8.29
 -72402.850   333.904    14.42    8.79
 -72115.452   337.962    14.12    9.55
 -71828.032   342.204    14.76    9.46
 -71540.589   346.661    15.51    9.00
 -71253.123   350.570    13.60    8.28
 -70965.635   353.216     9.20    7.34
 -70678.125   354.194     3.40    6.95
 -70390.592   354.173    -0.07    6.99
 -70103.036   354.116    -0.20    6.59
 -69815.459   354.037    -0.28    6.48
 -69527.858   353.775    -0.91    6.91
 -69240.235   355.148     4.77    8.03
 -68952.590   358.600    12.00   10.06
 -68664.922   363.560    17.24   11.81
 -68377.232   369.367    20.18   12.38
 -68089.519   374.391    17.46   11.20
 -67801.783   378.137    13.02   10.05
 -67514.025   379.076     3.26    9.98
 -67226.244   377.600    -5.13   12.62
 -66938.441   373.248   -15.12   15.86
 -66650.616   366.042   -25.04   19.61
 -66362.767   357.130   -30.96   23.40
 -66074.897   346.509   -36.89   25.81
 -65787.003   335.215   -39.23   27.12
 -65499.087   322.291   -44.88   27.69
 -65211.149   308.666   -47.32   26.01
 -64923.188   296.226   -43.20   23.17
 -64635.204   284.683   -40.08   21.82
 -64347.198   274.094   -36.76   20.53
 -64059.169   263.574   -36.52   18.84
 -63771.117   255.837   -26.86   17.15
 -63483.043   249.770   -21.06   14.76
 -63194.946   244.759   -17.39   13.62
 -62906.827   239.681   -17.62   11.58
 -62618.685   235.944   -12.97   11.69
 -62330.520   232.798   -10.92   11.83
 -62042.333   228.987   -13.22   13.29
 -61754.123   223.759   -18.14   16.91
 -61465.890   219.182   -15.88   18.50
 -61177.635   214.668   -15.66   19.55
 -60889.357   212.337    -8.08   19.20
 -60601.057   213.129     2.75   19.23
 -60312.733   213.808     2.35   20.12
 -60024.387   219.509    19.77   19.71
 -59736.019   226.992    25.95   18.02
 -59447.628   232.281    18.34   16.13
 -59159.214   235.044     9.58   13.03
 -58870.777   237.059     6.99   10.37
 -58582.317   239.650     8.98   11.02
 -58293.835   243.001    11.61   11.55
 -58005.330   246.716    12.87   13.18
 -57716.803   250.105    11.75   13.82
 -57428.252   253.192    10.70   13.64
 -57139.679   256.098    10.07   12.70
 -56851.084   258.248     7.45   12.98
 -56562.465   257.023    -4.25   16.19
 -56273.824   256.270    -2.61   17.34
 -55985.160   255.485    -2.72   16.70
 -55696.473   254.622    -2.99   15.53
 -55407.763   254.315    -1.06   15.98
 -55119.031   252.481    -6.35   18.30
 -54830.276   250.081    -8.31   20.87
 -54541.498   244.872   -18.04   23.38
 -54252.697   235.897   -31.07   26.56
 -53963.873   225.227   -36.94   28.93
 -53675.027   214.107   -38.50   31.06
 -53386.158   203.548   -36.55   32.38
 -53097.266   195.137   -29.11   28.40
 -52808.351   194.966    -0.59   27.43
 -52519.413   197.743     9.61   28.59
 -52230.453   203.312    19.27   29.28
 -51941.469   209.592    21.73   27.20
 -51652.463   217.781    28.33   20.91
 -51363.434   222.515    16.38   15.17
 -51074.382   221.492    -3.54   15.78
 -50785.308   215.661   -20.17   19.68
 -50496.210   210.291   -18.58   21.62
 -50207.090   205.546   -16.41   22.01
 -49917.946   200.700   -16.76   23.68
 -49628.780   198.096    -9.00   25.73
 -49339.591   196.192    -6.58   26.63
 -49050.379   197.050     2.97   26.72
 -48761.144   197.694     2.22   25.24
 -48471.886   192.706   -17.24   28.50
 -48182.605   182.564   -35.06   35.22
 -47893.302   172.227   -35.73   40.90
 -47603.975   166.129   -21.08   42.35
 -47314.625   163.057   -10.62   43.86
 -47025.253   163.655     2.07   44.07
 -46735.858   165.485     6.32   44.37
 -46446.439   170.291    16.61   47.99
 -46156.998   180.174    34.14   48.49
 -45867.534   193.679    46.65   43.47
 -45578.046   201.710    27.74   40.48
 -45288.536   206.461    16.41   38.31
 -44999.003   212.886    22.19   32.41
 -44709.447   218.646    19.89   22.92
 -44419.868   221.132     8.58   17.42
 -44130.265   223.004     6.46   12.18
 -43840.640   221.614    -4.80   11.54
 -43550.992   219.226    -8.24   10.44
 -43263.427   216.147   -10.71    9.42
 -42978.577   214.050    -7.36    8.56
 -42693.706   212.334    -6.03    8.71
 -42408.813   210.575    -6.17    8.73
 -42123.898   208.663    -6.71    9.40
 -41838.961   206.853    -6.36    9.70
 -41554.002   205.853    -3.51    9.77
 -41269.021   205.659    -0.68   10.03
 -40984.018   205.987     1.15   10.37
 -40698.993   206.248     0.92   10.53
 -40413.947   206.504     0.90   10.04
 -40128.878   206.477    -0.10    9.21
 -39843.787   205.039    -5.04    9.08
 -39558.675   202.818    -7.79    9.91
 -39273.540   199.431   -11.88   12.12
 -38988.383   194.592   -16.97   14.03
 -38703.205   189.192   -18.93   15.18
 -38418.004   185.281   -13.71   15.22
 -38132.782   180.907   -15.34   14.76
 -37847.537   179.126    -6.24   14.35
 -37562.271   177.237    -6.62   15.27
 -37276.982   176.204    -3.62   17.17
 -36991.672   175.641    -1.97   19.16
 -36706.339   174.248    -4.88   21.03
 -36420.985   171.630    -9.17   22.95
 -36135.608   170.192    -5.04   22.46
 -35850.209   171.461     4.45   22.62
 -35564.789   172.855     4.88   23.82
 -35279.346   172.992     0.48   24.88
 -34993.881   170.615    -8.33   25.80
 -34708.394   166.248   -15.30   27.80
 -34422.885   163.782    -8.64   28.62
 -34137.354   161.057    -9.54   28.65
 -33851.801   158.892    -7.58   28.72
 -33566.226   153.911   -17.44   28.40
 -33280.629   150.339   -12.51   26.73
 -32995.009   153.081     9.60   25.66
 -32709.368   155.970    10.11   24.40
 -32423.705   157.589     5.67   22.70
 -32138.019   155.181    -8.43   22.74
 -31852.311   149.626   -19.44   23.74
 -31566.581   145.548   -14.27   25.77
 -31280.829   137.633   -27.70   26.36
 -30995.055   128.248   -32.84   23.51
 -30709.259   120.160   -28.30   19.65
 -30423.441   117.644    -8.80   18.85
 -30137.600   117.775     0.46   17.63
 -29851.737   117.809     0.12   15.49
 -29565.853   116.886    -3.23   14.87
 -29279.946   115.749    -3.98   16.10
 -28994.017   115.195    -1.93   16.49
 -28708.065   114.216    -3.43   17.00
 -28422.092   111.204   -10.53   16.05
 -28136.096   108.292   -10.18   15.19
 -27850.078   106.140    -7.53   15.12
 -27564.038   102.653   -12.19   15.55
 -27277.976    98.624   -14.08   15.46
 -26991.891    94.419   -14.70   14.28
 -26705.785    92.640    -6.22   13.70
 -26419.656    93.881     4.34   16.82
 -26133.505    99.127    18.33   22.19
 -25847.331   105.109    20.90   25.04
 -25561.136   108.770    12.79   24.34
 -25274.918   111.334     8.96   22.65
 -24988.678   110.076    -4.39   23.19
 -24702.416   106.748   -11.63   23.56
 -24416.131   101.392   -18.71   22.62
 -24129.824    95.984   -18.89   19.47
 -23843.495    92.068   -13.68   18.39
 -23557.144    88.333   -13.04   17.48
 -23270.770    84.947   -11.82   19.51
 -22984.374    80.933   -14.02   21.99
 -22697.956    78.324    -9.11   24.30
 -22411.516    72.792   -19.31   25.08
 -22125.053    64.031   -30.58   25.07
 -21838.568    57.855   -21.56   23.88
 -21552.061    53.840   -14.01   23.11
 -21265.531    51.193    -9.24   22.01
 -20978.979    48.818    -8.29   21.20
 -20692.405    46.184    -9.19   19.94
 -20405.808    45.048    -3.96   19.43
 -20119.189    46.879     6.39   21.65
 -19832.548    49.859    10.40   25.01
 -19545.884    53.955    14.29   27.33
 -19259.198    57.380    11.95   28.32
 -18972.490    63.743    22.19   29.52
 -18685.759    70.581    23.85   29.09
 -18399.006    78.225    26.66   28.53
 -18112.230    82.381    14.49   27.69
 -17825.432    85.068     9.37   25.79
 -17538.612    82.204    -9.99   27.77
 -17251.769    79.970    -7.79   26.72
 -16964.904    78.737    -4.30   24.16
 -16678.017    76.884    -6.46   21.68
 -16391.107    74.037    -9.92   18.94
 -16104.175    73.360    -2.36   17.60
 -15817.220    73.681     1.12   15.08
 -15530.243    73.877     0.68   12.95
 -15243.244    73.023    -2.98   10.94
 -14956.222    72.026    -3.47    8.95
 -14669.177    70.326    -5.92    7.81
 -14382.110    67.281   -10.61    8.44
 -14095.021    62.948   -15.09    9.76
 -13807.909    58.470   -15.60   10.45
 -13520.775    53.532   -17.20   10.15
 -13233.618    48.904   -16.12    9.22
 -12946.439    44.948   -13.77    7.32
 -12659.238    41.659   -11.45    6.09
 -12372.014    38.048   -12.57    6.33
 -12084.767    34.237   -13.27    7.17
 -11797.498    30.981   -11.33    7.58
 -11510.206    27.697   -11.43    7.53
 -11222.892    24.900    -9.74    7.15
 -10935.555    21.948   -10.27    5.72
 -10648.196    19.484    -8.58    3.18
 -10360.815    17.821    -5.79    2.68
 -10073.410    16.848    -3.39    2.42
  -9785.984    16.270    -2.01    2.32
  -9498.534    15.702    -1.98    2.39
  -9211.063    15.023    -2.36    2.41
  -8923.568    14.338    -2.38    2.55
  -8636.051    13.495    -2.93    2.40
  -8348.512    12.815    -2.37    2.19
  -8060.950    12.348    -1.62    1.93
  -7773.365    12.081    -0.93    1.67
  -7485.758    11.666    -1.45    1.56
  -7198.128    11.426    -0.83    1.64
  -6910.476    10.998    -1.49    2.11
  -6622.801    10.589    -1.42    2.38
  -6335.103    10.215    -1.30    2.54
  -6047.383     9.259    -3.32    2.74
  -5759.640     8.556    -2.44    2.75
  -5471.875     6.659    -6.59    3.83
  -5184.087     4.929    -6.01    4.30
  -4896.276     3.237    -5.88    4.22
  -4608.443     3.485     0.86    5.25
  -4320.587     4.699     4.22    6.43
  -4032.708     6.640     6.74    7.81
  -3744.807     9.248     9.06    7.93
  -3456.883    11.977     9.48    6.81
  -3168.937    14.481     8.70    5.05
  -2880.967    15.646     4.05    2.94
  -2592.976    15.215    -1.50    3.37
  -2304.961    14.334    -3.06    3.61
  -2016.924    13.185    -3.99    3.85
  -1728.864    11.700    -5.16    4.80
  -1440.781    10.096    -5.57    5.47
  -1152.676     8.140    -6.79    5.71
   -864.548     6.644    -5.19    5.85
   -576.397     5.313    -4.62    6.03
   -288.223     4.175    -3.95    5.96
     -0.027     2.972    -4.17    5.37
    288.192     2.216    -2.62    4.53
    576.434     1.831    -1.34    3.56
    864.698     1.814    -0.06    2.51
   1152.985     2.324     1.77    2.74
   1441.295     2.849     1.82    2.83
   1729.628     3.376     1.83    2.85
   2017.983     3.748     1.29    2.86
   2306.362     4.083     1.16    2.80
   2594.763     4.335     0.87    2.69
   2883.186     4.387     0.18    2.60
   3171.633     4.564     0.62    2.69
   3460.102     4.546    -0.06    2.76
   3748.594     4.379    -0.58    2.75
   4037.109     4.170    -0.72    2.77
   4325.647     3.803    -1.27    2.61
   4614.208     3.578    -0.78    2.45
   4902.791     3.259    -1.11    2.16
   5191.397     2.940    -1.11    1.62
   5480.027     2.711    -0.79    1.24
   5768.678     2.556    -0.54    0.72
   6057.353     2.633     0.27    0.85
   6346.051     2.738     0.36    1.06
   6634.771     3.072     1.16    1.42
   6923.515     3.546     1.64    1.68
   7212.281     3.980     1.50    1.83
   7501.070     4.567     2.03    1.85
   7789.882     5.149     2.02    1.74
   8078.717     5.504     1.23    1.71
   8367.574     5.926     1.46    1.63
   8656.455     6.312     1.34    1.36
   8945.359     6.539     0.78    1.08
   9234.285     6.688     0.52    0.97
   9523.234     6.776     0.30    0.92
   9812.207     6.876     0.35    0.92
  10101.202     6.863    -0.04    0.85
  10390.220     6.919     0.19    0.80
  10679.261     7.044     0.43    0.67
  10968.325     7.160     0.40    0.58
  11257.412     7.161     0.00    0.49
  11546.522     7.217     0.19    0.36
  11835.655     7.290     0.26    0.42
  12124.810     7.280    -0.04    0.46
  12413.989     7.270    -0.04    0.56
  12703.191     7.292     0.08    0.73
  12992.416     7.324     0.11    0.84
  13281.663     7.387     0.22    0.88
  13570.934     7.457     0.24    0.92
  13860.228     7.451    -0.02    0.87
  14149.544     7.411    -0.14    0.78
  14438.884     7.468     0.20    0.66
  14728.247     7.640     0.59    0.80
  15017.633     7.770     0.45    0.92
  15307.042     8.040     0.94    1.47
  15596.473     8.036    -0.02    1.66
  15885.928     7.966    -0.24    1.94
  16175.406     7.754    -0.73    2.26
  16464.907     7.716    -0.13    2.46
  16754.431     7.770     0.19    2.69
  17043.978     7.832     0.22    2.81
  17333.548     7.695    -0.47    2.69
  17623.142     7.661    -0.12    2.79
  17912.758     7.581    -0.28    2.91
  18202.397     7.259    -1.11    2.91
  18492.060     6.866    -1.36    2.91
  18778.439     6.665    -0.70    2.72
  19063.267     6.780     0.40    2.70
  19348.118     6.727    -0.19    2.74
  19632.990     6.864     0.48    2.78
  19917.884     7.215     1.23    2.83
  20202.800     7.818     2.12    2.73
  20487.739     8.357     1.89    2.48
  20772.699     8.911     1.95    2.20
  21057.681     9.379     1.64    1.75
  21342.686     9.567     0.66    1.25
  21627.712     9.459    -0.38    0.97
  21912.760     9.237    -0.78    0.96
  22197.830     9.248     0.04    0.97
  22482.923     9.079    -0.59    1.14
  22768.037     8.904    -0.62    1.19
  23053.174     8.843    -0.21    1.23
  23338.332     8.955     0.39    1.33
  23623.513     9.039     0.30    1.30
  23908.715     9.237     0.69    1.37
  24193.940     9.392     0.55    1.42
  24479.187     9.570     0.62    1.35
  24764.455     9.709     0.48    1.41
  25049.746    10.611     3.16    4.22
  25335.059    12.570     6.87    8.06
  25620.394    15.742    11.12   11.18
  25905.751    18.948    11.23   12.97
  26191.131    21.325     8.33   13.61
  26476.532    23.413     7.32   13.43
  26761.955    25.161     6.13   12.58
  27047.401    26.118     3.35   11.47
  27332.869    26.998     3.08   10.36
  27618.358    28.044     3.66    8.99
  27903.870    28.520     1.67    7.69
  28189.404    29.076     1.95    6.56
  28474.961    29.143     0.23    5.95
  28760.539    28.270    -3.06    5.50
  29046.140    27.227    -3.65    4.56
  29331.762    26.358    -3.04    3.76
  29617.407    25.716    -2.25    2.87
  29903.074    25.217    -1.75    2.48
  30188.763    24.759    -1.60    2.13
  30474.475    24.354    -1.42    1.58
  30760.208    24.227    -0.45    1.38
  31045.964    24.227     0.00    1.24
  31331.742    24.248     0.08    1.11
  31617.542    24.396     0.52    1.04
  31903.364    24.449     0.18    0.98
  32189.209    24.574     0.44    0.92
  32475.076    24.689     0.40    0.91
  32760.965    24.818     0.45    0.94
  33046.876    25.074     0.90    0.82
  33332.810    25.182     0.38    0.87
  33618.765    25.399     0.76    0.87
  33904.743    25.567     0.59    0.83
  34190.743    25.581     0.05    0.85
  34476.766    25.659     0.27    0.83
  34762.811    25.737     0.27    0.90
  35048.878    25.848     0.39    0.96
  35334.967    26.039     0.67    0.98
  35621.078    26.225     0.65    0.93
  35907.212    26.359     0.47    0.84
  36193.368    26.448     0.31    0.90
  36479.547    26.415    -0.12    0.86
  36765.748    26.515     0.35    0.86
  37051.971    26.681     0.58    0.94
  37338.216    26.787     0.37    0.97
  37624.484    26.837     0.17    0.98
  37910.774    26.853     0.05    1.14
  38197.086    26.870     0.06    1.28
  38483.421    26.890     0.07    1.31
  38769.778    26.759    -0.46    1.39
  39056.157    26.848     0.31    1.51
  39342.559    26.904     0.19    1.61
  39628.983    26.835    -0.24    1.58
  39915.429    27.072     0.83    1.78
  40201.898    27.477     1.41    2.01
  40488.389    27.797     1.12    2.03
  40774.903    28.248     1.58    2.13
  41061.438    28.781     1.86    2.20
  41347.997    29.143     1.26    2.03
  41634.577    29.440     1.04    1.87
  41921.180    29.400    -0.14    1.81
  42207.806    29.281    -0.42    1.65
  42494.454    29.400     0.42    1.44
  42781.124    29.514     0.40    1.34
  43067.817    29.884     1.29    1.45
  43354.532    30.375     1.71    1.64
  43641.270    30.770     1.38    1.60
  43928.030    31.127     1.25    1.45
  44214.812    31.504     1.31    1.31
  44501.617    31.785     0.98    1.16
  44788.445    31.933     0.52    1.13
  45075.294    31.961     0.10    1.18
  45362.167    32.118     0.55    1.23
  45649.062    32.413     1.03    1.33
  45935.979    32.642     0.80    1.37
  46222.919    32.707     0.23    1.38
  46509.881    32.743     0.13    1.28
  46796.866    32.770     0.09    1.28
  47083.873    32.786     0.06    1.15
  47370.903    32.694    -0.32    1.09
  47657.955    32.679    -0.05    1.01
  47945.030    32.650    -0.10    0.94
  48232.127    32.732     0.28    0.94
  48519.247    32.851     0.41    0.85
  48806.389    32.944     0.33    0.90
  49093.554    33.044     0.35    0.97
  49380.742    33.192     0.51    1.01
  49667.952    33.314     0.42    1.19
  49955.184    33.592     0.97    1.39
  50242.439    33.848     0.89    1.67
  50529.717    34.048     0.70    1.93
  50817.017    34.515     1.62    1.99
  51104.340    34.792     0.96    1.90
  51391.685    35.192     1.39    1.54
  51679.053    35.326     0.47    1.47
  51966.444    35.248    -0.27    1.37
  52253.857    35.105    -0.50    1.15
  52541.293    35.094    -0.04    1.10
  52828.751    35.074    -0.07    1.27
  53116.233    35.070    -0.01    1.31
  53403.736    34.692    -1.31    1.58
  53691.262    34.303    -1.36    1.73
  53978.811    34.006    -1.03    1.74
  54266.383    33.523    -1.68    1.72
  54553.977    33.034    -1.70    1.56
  54841.594    32.659    -1.30    1.60
  55129.234    32.203    -1.59    1.75
  55416.896    31.919    -0.99    1.88
  55704.581    31.534    -1.34    1.89
  55992.288    30.929    -2.10    1.71
  56280.018    30.381    -1.91    1.53
  56567.771    30.092    -1.00    1.44
  56855.547    29.842    -0.87    1.37
  57143.345    29.919     0.27    1.36
  57431.166    29.915    -0.01    1.26
  57719.010    30.357     1.54    2.11
  58006.876    31.237     3.06    3.35
  58294.765    32.357     3.89    3.90
  58582.677    33.368     3.51    4.06
  58870.612    34.506     3.95    3.84
  59158.569    35.722     4.22    3.54
  59446.549    36.614     3.10    2.83
  59734.552    36.886     0.94    2.37
  60022.578    37.185     1.04    2.10
  60310.626    37.670     1.68    2.08
  60598.697    38.227     1.93    1.74
  60886.791    38.442     0.75    1.63
  61174.907    38.216    -0.79    1.94
  61463.047    37.653    -1.95    2.34
  61751.209    36.915    -2.56    2.72
  62039.394    36.046    -3.02    2.81
  62327.602    35.129    -3.18    2.67
  62615.832    34.173    -3.32    2.15
  62904.086    33.568    -2.10    1.36
  63192.362    33.874     1.06    1.80
  63480.661    34.749     3.03    2.56
  63768.983    35.990     4.31    3.16
  64057.328    37.700     5.93    3.76
  64345.695    39.674     6.85    4.05
  64634.086    41.424     6.07    3.84
  64922.499    42.592     4.05    3.37
  65210.935    43.589     3.45    2.71
  65499.394    43.980     1.35    2.46
  65787.876    44.205     0.78    2.37
  66076.380    43.791    -1.43    2.56
  66364.908    43.301    -1.70    2.79
  66653.459    42.557    -2.58    2.58
  66942.032    41.786    -2.67    2.30
  67230.628    40.947    -2.91    2.02
  67519.247    40.162    -2.72    1.95
  67807.889    39.259    -3.13    1.94
  68096.554    39.014    -0.85    2.21
  68385.242    39.890     3.03    3.88
  68673.953    41.506     5.60    5.50
  68962.687    44.314     9.72    7.05
  69251.443    46.901     8.96    7.06
  69540.223    49.420     8.72    5.90
  69829.026    51.695     7.88    3.78
  70117.851    52.539     2.92    2.48
  70406.700    52.585     0.16    2.40
  70695.571    51.824    -2.63    2.31
  70984.466    51.346    -1.66    2.18
  71273.383    51.132    -0.74    2.25
  71562.323    51.172     0.14    2.32
  71851.287    51.324     0.53    2.38
  72140.273    51.345     0.07    2.21
  72429.282    51.498     0.53    1.79
  72718.315    51.668     0.59    1.67
  73007.370    51.732     0.22    1.68
  73296.449    52.015     0.98    1.93
  73585.550    52.205     0.66    2.20
  73874.674    52.770     1.96    2.55
  74163.822    53.748     3.38    2.74
  74452.992    55.004     4.34    2.78
  74742.186    55.970     3.34    2.18
  75031.403    56.468     1.72    1.70
  75320.642    56.104    -1.26    2.13
  75609.905    55.553    -1.90    2.54
  75899.191    55.015    -1.86    2.64
  76188.500    54.848    -0.58    2.60
  76477.832    54.846    -0.01    2.69
  76767.187    55.357     1.77    3.10
  77056.565    56.553     4.13    3.70
  77345.966    58.338     6.17    3.97
  77635.390    60.104     6.10    3.60
  77924.838    61.314     4.18    2.80
  78214.308    62.064     2.59    2.26
  78503.802    62.487     1.46    2.22
  78793.319    62.492     0.02    2.31
  79082.859    62.348    -0.50    2.63
  79372.422    62.159    -0.65    2.74
  79662.008    61.973    -0.64    2.99
  79951.618    61.704    -0.93    3.52
  80241.250    60.710    -3.43    4.54
  80530.906    58.956    -6.06    5.81
  80816.165    56.559    -8.40    6.35
  81100.993    53.479   -10.82    6.24
  81385.844    50.770    -9.51    5.45
  81670.716    48.326    -8.58    4.49
  81955.611    46.737    -5.58    3.57
  82240.527    45.859    -3.08    3.05
  82525.466    45.517    -1.20    2.48
  82810.427    45.379    -0.49    2.38
  83095.409    45.528     0.52    2.12
  83380.414    45.539     0.04    2.18
  83665.441    45.055    -1.70    2.70
  83950.490    44.228    -2.90    3.07
  84235.561    43.113    -3.91    3.13
  84520.654    41.983    -3.97    3.14
  84805.770    40.759    -4.29    2.88
  85090.907    39.636    -3.94    2.34
  85376.066    38.993    -2.25    2.07
  85661.248    38.436    -1.95    1.95
  85946.451    38.344    -0.32    1.89
  86231.677    38.345     0.00    2.04
  86516.925    38.743     1.39    2.25
  86802.195    39.528     2.75    2.70
  87087.487    40.472     3.31    2.85
  87372.802    41.291     2.87    2.83
  87658.138    42.149     3.01    2.83
  87943.497    43.457     4.58    3.33
  88228.877    44.592     3.98    3.83
  88514.280    45.315     2.53    4.04
  88799.705    44.781    -1.87    4.66
  89085.153    43.459    -4.63    5.20
  89370.622    42.137    -4.63    5.43
  89656.114    40.814    -4.64    5.10
  89941.628    39.129    -5.90    4.37
  90227.164    37.683    -5.06    2.95
  90512.722    37.159    -1.83    1.61
  90798.302    37.226     0.23    1.43
  91083.905    37.237     0.04    1.45
  91369.530    36.929    -1.08    1.54
  91655.177    36.977     0.16    1.56
  91940.846    36.831    -0.51    1.56
  92226.537    36.737    -0.33    1.53
  92512.251    37.046     1.08    1.64
  92797.987    37.280     0.82    1.75
  93083.746    37.642     1.27    1.79
  93369.526    38.410     2.69    1.85
  93655.329    38.937     1.84    1.94
  93941.154    39.419     1.69    2.07
  94227.001    39.895     1.66    2.16
  94512.871    40.557     2.32    2.33
  94798.763    41.549     3.47    2.69
  95084.677    44.227     9.36    6.50
  95370.613    48.396    14.58    9.81
  95656.572    52.603    14.71   11.04
  95942.553    56.834    14.79   10.77
  96228.556    60.514    12.87    9.26
  96514.582    62.897     8.33    6.70
  96800.630    64.528     5.70    3.33
  97086.700    63.802    -2.54    3.33
  97372.793    62.818    -3.44    3.34
  97658.908    62.347    -1.65    3.27
  97945.046    62.424     0.27    3.81
  98231.205    63.411     3.45    4.67
  98517.387    64.995     5.54    5.43
  98803.592    67.006     7.03    5.49
  99089.818    69.181     7.60    4.37
  99376.068    70.559     4.81    3.61
  99662.339    71.564     3.51    3.49
  99948.633    71.574     0.04    4.03
 100234.949    71.422    -0.53    4.14
 100521.288    71.704     0.98    4.14
 100807.649    71.990     1.00    3.94
 101094.033    72.808     2.86    3.94
 101380.439    73.842     3.61    3.90
 101666.867    75.118     4.46    4.23
 101953.318    76.781     5.81    3.99
 102239.791    77.881     3.84    3.97
 102526.286    78.969     3.80    4.55
 102812.804    80.172     4.20    4.84
 103099.345    81.407     4.31    5.19
 103385.908    82.646     4.33    5.47
 103672.493    84.280     5.70    6.10
 103959.101    86.007     6.02    6.27
 104245.731    87.415     4.92    6.63
 104532.384    88.614     4.18    6.33
 104819.060    89.270     2.29    6.00
 105105.757    89.706     1.52    6.18
 105392.477    89.434    -0.95    6.40
 105679.220    88.905    -1.85    6.69
 105965.985    87.642    -4.40    6.97
 106252.773    86.451    -4.15    7.72
 106539.583    84.564    -6.58    8.16
 106826.416    81.801    -9.64    7.71
 107113.271    78.596   -11.17    7.42
 107400.149    75.557   -10.59    6.88
 107687.050    73.291    -7.90    5.76
 107973.973    71.564    -6.02    4.60
 108260.918    72.070     1.76    6.14
 108547.886    73.748     5.85    8.55
 108834.876    76.574     9.85   10.38
 109121.890    80.391    13.30   11.67
 109408.925    85.855    19.04   12.05
 109695.983    91.292    18.94   10.83
 109983.064    96.786    19.14    9.07
 110270.168   100.815    14.03    8.61
 110557.294   103.970    10.99    8.50
 110844.442   106.571     9.06    7.62
 111131.613   108.096     5.31    6.00
 111418.807   108.422     1.14    5.43
 111706.024   107.515    -3.16    5.73
 111993.263   106.004    -5.26    6.42
 112280.524   104.357    -5.73    6.68
 112567.808   102.748    -5.60    6.75
 112855.115   101.792    -3.33    7.61
 113142.445   100.848    -3.28    8.61
 113429.797   100.402    -1.55    9.56
 113717.172    99.846    -1.93   10.74
 114004.569    99.574    -0.95   10.89
 114291.989    99.984     1.43   10.02
 114579.432   100.787     2.79    9.16
 114866.898   102.775     6.92    9.05
 115154.386   104.926     7.48    8.54
 115441.897   106.564     5.70    7.82
 115729.430   108.185     5.64    7.11
 116016.987   108.700     1.79    6.84
 116304.566   107.302    -4.86    8.01
 116592.167   104.155   -10.94    8.97
 116879.792   100.101   -14.10    9.36
 117167.439    96.408   -12.84    9.67
 117455.108    94.270    -7.43    9.50
 117742.801    92.185    -7.25    9.14
 118030.516    90.270    -6.66    9.32
 118318.254    88.397    -6.51    9.59
 118606.015    87.130    -4.40   10.25
 118893.799    86.770    -1.25   10.58
 119181.605    86.434    -1.17   10.16
 119469.434    85.228    -4.19    9.13
 119757.286    84.717    -1.78    8.06
 120045.160    85.078     1.26    7.78
 120333.058    86.442     4.74    8.06
 120620.978    88.770     8.09    8.66
 120908.921    92.101    11.57    8.56
 121196.886    95.483    11.74    8.79
 121484.875    99.743    14.80    8.51
 121772.886   104.743    17.36    7.84
 122060.921   108.419    12.76    6.96
 122348.978   110.961     8.83    5.66
 122637.057   112.683     5.98    4.20
 122925.160   113.094     1.43    3.71
 123213.286   111.977    -3.88    5.12
 123501.434   109.820    -7.49    6.32
 123789.605   106.705   -10.81    7.02
 124077.799   103.659   -10.57    6.98
 124366.016   100.194   -12.02    7.17
 124654.256    96.737   -11.99    7.12
 124942.518    93.281   -11.99    6.69
 125230.804    90.470    -9.75    6.10
 125519.112    88.292    -7.55    5.48
 125807.444    86.194    -7.28    5.15
 126095.798    84.498    -5.88    4.56
 126384.175    83.237    -4.37    4.41
 126672.575    82.226    -3.51    4.21
 126960.998    81.481    -2.58    4.10
 127249.444    80.453    -3.57    4.09
 127537.913    79.379    -3.72    3.93
 127826.404    78.259    -3.88    3.91
 128114.919    77.126    -3.93    3.76
 128403.456    75.977    -3.98    3.70
 128692.017    74.498    -5.12    3.68
 128980.600    72.929    -5.44    3.67
 129269.207    71.336    -5.52    3.12
 129557.836    70.072    -4.38    2.69
 129846.489    69.142    -3.22    2.27
 130135.164    69.183     0.14    3.79
 130423.862    71.951     9.59    9.53
 130712.584    76.345    15.22   13.32
 131001.328    81.364    17.38   15.51
 131290.095    87.377    20.83   16.48
 131578.885    92.842    18.93   15.43
 131867.699    99.506    23.08   11.27
 132156.535   103.463    13.70    8.88
 132445.395   104.549     3.76    8.92
 132734.277   105.655     3.83    8.28
 133023.182   107.040     4.80    7.72
 133312.111   108.568     5.29    7.10
 133601.062   110.291     5.97    6.37
 133890.037   112.017     5.97    5.47
 134179.035   113.405     4.80    4.80
 134468.055   114.621     4.21    3.88
 134757.099   115.706     3.75    3.04
 135046.166   116.419     2.47    2.25
 135335.256   116.467     0.17    1.89
 135624.369   116.166    -1.04    1.93
 135913.505   115.334    -2.88    2.78
 136202.664   113.855    -5.11    3.70
 136491.846   111.996    -6.43    4.85
 136781.052   109.957    -7.05    5.75
 137070.280   107.438    -8.71    6.54
 137359.532   104.483   -10.22    6.90
 137648.807   101.238   -11.22    7.03
 137938.105    97.912   -11.50    6.66
 138227.426    94.811   -10.72    6.33
 138516.770    92.270    -8.78    5.66
 138806.137    89.958    -7.99    5.07
 139095.528    87.607    -8.13    4.59
 139384.941    85.070    -8.77    4.27
 139674.378    83.119    -6.74    4.07
 139963.838    81.712    -4.86    3.49
 140253.321    81.571    -0.49    3.79
 140542.828    83.132     5.39    6.10
 140832.357    86.431    11.40    8.82
 141121.910    90.291    13.33    9.77
 141411.486    94.270    13.74    8.94
 141701.085    97.150     9.95    7.00
 141990.708    99.336     7.55    4.22
 142280.353   100.017     2.35    3.24
 142569.325    99.864    -0.53    3.67
 142854.105    99.704    -0.56    4.18
 143138.907    99.477    -0.80    4.70
 143423.731    99.596     0.42    4.79
 143708.577    99.868     0.95    4.90
 143993.446    99.904     0.13    4.86
 144278.336    99.835    -0.24    4.83
 144563.249    99.444    -1.37    4.69
 144848.183    98.879    -1.98    4.33
 145133.140    97.911    -3.40    3.96
 145418.119    96.987    -3.24    3.51
 145703.120    95.891    -3.85    3.35
 145988.143    94.457    -5.03    3.40
 146273.188    93.036    -4.99    3.43
 146558.255    91.038    -7.01    3.61
 146843.344    89.089    -6.84    3.77
 147128.456    87.053    -7.14    3.76
 147413.590    85.280    -6.22    3.58
 147698.746    83.440    -6.45    3.23
 147983.924    81.770    -5.86    2.96
 148269.124    80.091    -5.89    2.77
 148554.346    78.822    -4.45    2.53
 148839.591    77.711    -3.89    2.43
 149124.857    76.463    -4.37    2.43
 149410.146    75.419    -3.66    2.49
 149695.457    74.226    -4.18    2.73
 149980.790    72.824    -4.91    3.09
 150266.146    71.567    -4.41    3.00
 150551.524    70.448    -3.92    2.76
 150836.923    69.553    -3.14    2.62
 151122.345    68.411    -4.00    2.47
 151407.790    67.455    -3.35    2.26
 151693.256    66.504    -3.33    2.12
 151978.745    65.672    -2.91    1.89
 152264.256    64.846    -2.89    1.65
 152549.789    64.292    -1.94    1.52
 152835.345    63.922    -1.29    1.42
 153120.922    63.868    -0.19    1.38
 153406.522    63.983     0.40    1.40
 153692.145    65.301     4.62    4.22
 153977.789    68.397    10.84    8.17
 154263.456    73.712    18.61   12.26
 154549.145    80.101    22.37   14.24
 154834.856    86.217    21.41   13.50
 155120.590    90.947    16.55   10.70
 155406.346    94.196    11.37    6.87
 155692.124    95.004     2.83    5.00
 155977.925    93.405    -5.59    6.35
 156263.748    90.311   -10.83    7.62
 156549.593    86.883   -12.00    7.90
 156835.460    83.861   -10.57    7.19
 157121.350    81.551    -8.08    5.53
 157407.262    80.546    -3.51    4.19
 157693.197    81.055     1.78    4.63
 157979.154    82.870     6.35    5.55
 158265.133    85.446     9.01    6.00
 158551.135    88.410    10.36    5.61
 158837.159    91.506    10.83    5.05
 159123.205    93.640     7.46    4.15
 159409.274    95.347     5.97    3.27
 159695.365    96.368     3.57    2.57
 159981.478    96.897     1.85    1.96
 160267.614    97.109     0.74    1.46
 160553.772    96.715    -1.38    1.74
 160839.953    95.818    -3.13    2.16
 161126.156    94.695    -3.92    2.73
 161412.381    93.109    -5.54    3.45
 161698.629    91.143    -6.87    3.90
 161984.899    89.004    -7.47    4.16
 162271.192    86.733    -7.93    4.34
 162557.507    84.646    -7.29    4.46
 162843.845    82.515    -7.44    4.25
 163130.205    80.662    -6.47    3.67
 163416.588    79.468    -4.17    3.26
 163702.993    78.880    -2.05    3.30
