-157568.596    62.766     0.00    0.00
-157279.732    62.766     0.00    0.00
-156990.891    62.766     0.00    0.00
-156702.073    62.766     0.00    0.00
-156413.277    62.766     0.00    0.00
-156124.506    62.766     0.00    0.00
-155835.757    62.766     0.00    0.00
-155547.031    63.422     2.27    2.79
-155258.328    65.121     5.89    5.57
-154969.649    66.766     5.70    6.87
-154680.992    69.131     8.19    7.76
-154392.359    70.935     6.25    7.80
-154103.748    73.610     9.27    8.47
-153815.161    76.412     9.71    9.08
-153526.596    77.766     4.69    8.66
-153238.055    79.495     5.99    8.39
-152949.537    82.516    10.47   10.89
-152661.041    85.516    10.40   14.14
-152372.569    88.485    10.29   16.98
-152084.120    92.106    12.56   19.35
-151795.694    96.079    13.77   21.78
-151507.290    96.693     2.13   21.86
-151218.910    96.096    -2.07   21.00
-150930.553    96.215     0.41   18.66
-150642.219    95.117    -3.81   15.05
-150353.907    95.266     0.52   11.62
-150065.619    97.766     8.67   11.15
-149777.354   102.566    16.65   12.81
-149489.111   108.166    19.43   14.62
-149200.892   115.977    27.10   16.06
-148912.695   124.003    27.85   16.40
-148624.522   132.151    28.28   16.28
-148336.371   138.390    21.65   14.83
-148048.243   142.960    15.86   13.66
-147760.139   143.347     1.34   14.56
-147472.057   143.375     0.10   16.51
-147183.998   140.405   -10.31   18.06
-146895.962   136.351   -14.07   18.28
-146607.949   132.164   -14.54   18.08
-146319.958   129.810    -8.18   17.01
-146031.991   128.011    -6.25   16.10
-145744.047   126.014    -6.94   15.21
-145456.125   122.473   -12.30   14.40
-145168.226   118.608   -13.42   13.56
-144880.350   115.139   -12.05   12.47
-144592.497   111.882   -11.31   11.12
-144304.667   108.356   -12.25    8.69
-144016.860   104.631   -12.94    6.81
-143729.076   100.923   -12.89    8.23
-143441.314    96.485   -15.42   10.70
-143153.575    91.891   -15.97   11.46
-142865.859    87.516   -15.21   10.45
-142578.166    83.890   -12.61    7.86
-142290.496    81.302    -9.00    5.14
-142002.848    79.693    -5.60    2.45
-141715.224    79.464    -0.79    2.16
-141427.622    79.495     0.11    2.27
-141140.043    79.256    -0.83    2.14
-140852.486    79.003    -0.88    2.37
-140564.953    78.672    -1.15    2.49
-140277.442    78.187    -1.68    2.37
-139989.954    77.691    -1.73    2.16
-139702.489    76.955    -2.56    1.67
-139415.046    76.394    -1.95    1.20
-139127.627    76.177    -0.76    1.01
-138840.230    76.038    -0.48    1.01
-138552.856    75.810    -0.79    1.05
-138265.504    75.616    -0.68    0.98
-137978.175    75.598    -0.06    0.97
-137690.869    75.659     0.21    0.99
-137403.586    75.766     0.37    1.02
-137116.325    75.809     0.15    1.03
-136829.087    75.949     0.49    1.05
-136541.872    76.156     0.72    1.02
-136254.680    76.440     0.99    0.87
-135967.510    76.566     0.44    0.94
-135680.363    76.714     0.52    0.91
-135393.238    76.798     0.29    0.89
-135106.137    76.787    -0.04    0.87
-134819.058    76.880     0.32    0.89
-134532.001    76.859    -0.07    0.87
-134244.967    76.861     0.01    0.89
-133957.956    76.860    -0.00    0.94
-133670.968    77.100     0.83    1.37
-133384.002    77.495     1.38    2.39
-133097.059    77.818     1.13    2.73
-132810.138    78.387     1.98    3.08
-132523.240    78.798     1.43    3.11
-132236.365    79.043     0.86    2.93
-131949.512    79.202     0.56    2.71
-131662.682    79.228     0.09    1.99
-131375.874    79.405     0.62    1.80
-131089.089    79.401    -0.01    1.44
-130802.327    79.207    -0.68    1.09
-130515.587    79.229     0.08    0.98
-130228.870    79.319     0.32    1.00
-129942.175    79.447     0.45    0.98
-129655.503    79.669     0.78    1.04
-129368.854    80.074     1.41    1.25
-129082.227    80.617     1.90    1.67
-128795.622    81.433     2.85    2.24
-128509.040    82.524     3.81    2.79
-128222.481    84.072     5.40    3.35
-127935.944    86.050     6.91    4.10
-127649.430    87.985     6.75    4.72
-127362.938    90.577     9.05    5.37
-127076.469    93.235     9.28    5.96
-126790.022    96.807    12.47    7.10
-126503.598   100.457    12.74    8.51
-126217.196   105.219    16.63   10.66
-125930.817   111.079    20.46   13.93
-125644.460   117.620    22.85   16.46
-125358.126   122.433    16.81   18.00
-125071.814   126.912    15.65   19.32
-124785.525   128.440     5.34   19.70
-124499.258   126.398    -7.13   19.98
-124213.013   122.089   -15.06   20.56
-123926.791   114.024   -28.18   15.70
-123640.592   106.955   -24.70   13.31
-123354.415   100.551   -22.38   11.62
-123068.260    94.841   -19.96   10.17
-122782.128    90.255   -16.03    8.60
-122496.018    86.634   -12.66    6.71
-122209.931    83.745   -10.10    4.23
-121923.866    82.046    -5.94    2.52
-121637.823    81.272    -2.71    1.30
-121351.803    81.228    -0.15    1.29
-121065.806    81.598     1.29    1.61
-120779.830    82.107     1.78    1.80
-120493.877    82.943     2.93    2.03
-120207.947    83.840     3.14    2.15
-119922.038    84.872     3.61    1.99
-119636.153    85.600     2.55    1.94
-119350.289    86.535     3.27    2.11
-119064.448    87.724     4.16    2.51
-118778.629    89.245     5.32    2.87
-118492.833    90.860     5.65    3.57
-118207.059    92.954     7.33    4.37
-117921.307    95.564     9.14    5.34
-117635.578    98.943    11.83    6.53
-117349.870   103.256    15.09    8.17
-117064.186   107.617    15.27    9.30
-116778.523   112.900    18.49   10.12
-116492.883   119.336    22.54   11.38
-116207.265   126.061    23.55   12.45
-115921.670   134.229    28.60   13.83
-115636.096   143.448    32.29   18.08
-115350.545   153.984    36.90   21.12
-115065.017   163.583    33.62   22.12
-114779.510   173.917    36.20   22.76
-114494.026   184.327    36.47   23.51
-114208.564   195.266    38.33   23.71
-113923.125   207.234    41.93   26.56
-113637.707   220.415    46.19   31.00
-113352.312   236.935    57.89   33.72
-113066.939   249.261    43.20   30.23
-112781.589   256.516    25.43   26.17
-112496.260   257.292     2.72   25.69
-112210.954   253.548   -13.13   30.16
-111925.670   244.204   -32.76   34.16
-111640.408   231.381   -44.96   33.89
-111355.169   218.110   -46.53   30.73
-111069.951   204.556   -47.53   29.99
-110784.756   191.703   -45.07   30.90
-110499.583   180.019   -40.98   32.56
-110214.432   167.315   -44.56   31.78
-109929.304   153.766   -47.52   28.85
-109644.197   140.055   -48.10   23.46
-109359.113   128.594   -40.21   19.38
-109074.051   119.149   -33.14   15.97
-108789.011   111.668   -26.25   13.09
-108503.993   105.333   -22.23   10.57
-108218.998   100.000   -18.71    8.41
-107934.024    95.636   -15.32    6.49
-107649.073    92.132   -12.30    5.87
-107364.144    89.418    -9.52    5.28
-107079.237    87.079    -8.21    4.80
-106794.352    84.933    -7.53    4.27
-106509.489    83.381    -5.45    4.08
-106224.648    81.652    -6.07    3.91
-105939.830    80.345    -4.59    3.69
-105655.033    79.436    -3.19    3.58
-105368.772    78.890    -1.91    3.58
-105079.131    78.639    -0.87    3.74
-104789.513    78.628    -0.04    4.20
-104499.918    78.964     1.16    4.55
-104210.347    79.673     2.45    4.78
-103920.799    80.103     1.49    4.80
-103631.274    80.250     0.51    4.31
-103341.773    79.652    -2.07    4.29
-103052.294    78.568    -3.74    4.61
-102762.839    77.360    -4.17    4.79
-102473.407    76.132    -4.24    4.63
-102183.998    75.829    -1.05    4.76
-101894.613    78.256     8.38    9.11
-101605.250    85.029    23.41   18.87
-101315.911    94.865    34.00   25.42
-101026.595   105.831    37.90   27.53
-100737.303   118.995    45.51   28.10
-100448.033   135.433    56.83   28.42
-100158.787   152.244    58.13   29.22
 -99869.563   163.473    38.83   26.15
 -99580.363   167.454    13.77   23.68
 -99291.186   167.691     0.82   23.00
 -99002.033   161.722   -20.64   24.32
 -98712.902   152.310   -32.56   25.74
 -98423.794   141.617   -36.99   24.70
 -98134.710   130.351   -38.97   21.05
 -97845.649   120.201   -35.12   18.63
 -97556.611   110.942   -32.04   18.64
 -97267.596   101.497   -32.68   18.62
 -96978.604    92.207   -32.15   16.78
 -96689.635    84.973   -25.04   13.85
 -96400.689    78.800   -21.37   11.77
 -96111.767    74.046   -16.45   10.35
 -95822.867    70.614   -11.88    9.39
 -95533.991    67.745    -9.93    7.85
 -95245.137    65.327    -8.37    6.21
 -94956.307    63.377    -6.75    4.32
 -94667.500    62.171    -4.18    2.20
 -94378.716    61.500    -2.32    1.27
 -94089.954    61.387    -0.39    1.18
 -93801.216    61.429     0.15    1.17
 -93512.501    62.079     2.25    2.20
 -93223.809    62.714     2.20    2.78
 -92935.140    63.629     3.17    3.12
 -92646.494    64.652     3.54    3.39
 -92357.871    65.652     3.46    3.31
 -92069.271    66.256     2.09    3.27
 -91780.694    67.107     2.95    3.33
 -91492.140    68.426     4.57    3.71
 -91203.609    69.956     5.30    3.99
 -90915.101    71.141     4.11    3.83
 -90626.616    72.568     4.95    4.07
 -90338.154    74.482     6.63    4.45
 -90049.715    76.756     7.88    5.11
 -89761.299    79.683    10.15    6.00
 -89472.906    82.568    10.01    6.70
 -89184.536    86.208    12.62    7.54
 -88896.189    91.093    16.94    8.86
 -88607.864    96.862    20.01   10.38
 -88319.563   102.820    20.67   12.25
 -88031.285   110.000    24.91   14.68
 -87743.029   118.437    29.27   17.32
 -87454.796   126.250    27.11   17.47
 -87166.587   129.114     9.94   15.53
 -86878.400   129.756     2.23   15.57
 -86590.236   129.911     0.54   17.10
 -86302.095   131.465     5.40   20.32
 -86013.977   133.938     8.58   24.10
 -85725.882   137.038    10.76   25.68
 -85437.809   141.444    15.30   24.86
 -85149.760   144.245     9.72   22.12
 -84861.733   143.067    -4.09   22.08
 -84573.729   140.089   -10.34   21.90
 -84285.748   132.981   -24.68   22.48
 -83997.790   127.500   -19.04   23.64
 -83709.855   121.979   -19.17   25.22
 -83421.943   115.266   -23.32   22.60
 -83134.053   110.680   -15.93   19.52
 -82846.187   110.744     0.22   17.22
 -82558.343   114.882    14.38   23.37
 -82270.521   124.309    32.75   33.99
 -81982.723   138.905    50.72   41.36
 -81694.948   152.436    47.03   40.38
 -81407.195   162.103    33.60   35.70
 -81119.465   172.204    35.11   33.34
 -80831.758   184.173    41.60   30.82
 -80544.074   194.598    36.24   29.32
 -80256.412   200.196    19.46   28.30
 -79968.773   205.942    19.97   27.49
 -79681.157   214.993    31.47   28.22
 -79393.564   227.671    44.08   31.23
 -79105.993   240.082    43.16   37.36
 -78818.446   256.629    57.55   46.63
 -78530.920   272.141    53.95   46.02
 -78243.418   286.548    50.11   40.84
 -77955.939   293.607    24.56   35.83
 -77668.482   291.377    -7.76   37.52
 -77381.047   281.250   -35.23   46.42
 -77093.636   265.532   -54.69   50.13
 -76806.247   249.873   -54.49   45.01
 -76518.881   240.854   -31.39   37.69
 -76231.538   244.894    14.06   41.74
 -75944.217   257.603    44.24   51.50
 -75656.919   276.282    65.02   49.84
 -75369.644   294.888    64.77   43.35
 -75082.391   310.928    55.84   39.42
 -74795.161   329.605    65.03   39.13
 -74507.954   342.433    44.67   38.01
 -74220.769   346.577    14.43   35.25
 -73933.607   342.066   -15.71   36.49
 -73646.468   332.971   -31.68   42.45
 -73359.351   319.418   -47.20   43.32
 -73072.257   304.530   -51.86   40.93
 -72785.186   294.800   -33.90   37.81
 -72498.137   291.508   -11.47   39.50
 -72211.110   292.995     5.18   48.65
 -71924.107   299.914    24.11   54.29
 -71637.126   307.100    25.04   56.61
 -71350.167   312.861    20.08   56.09
 -71063.231   320.809    27.70   50.08
 -70776.318   324.141    11.61   46.03
 -70489.427   325.958     6.33   44.11
 -70202.559   324.766    -4.15   43.04
 -69915.714   323.266    -5.23   44.98
 -69628.891   320.516    -9.59   46.35
 -69342.090   317.777    -9.55   45.84
 -69055.313   315.450    -8.11   44.29
 -68768.557   309.000   -22.49   42.13
 -68481.824   299.193   -34.20   42.95
 -68195.114   288.131   -38.59   46.85
 -67908.426   279.681   -29.48   52.75
 -67621.761   272.298   -25.76   54.12
 -67335.119   259.691   -43.98   50.18
 -67048.498   246.500   -46.02   50.78
 -66761.901   235.114   -39.73   59.45
 -66475.326   221.854   -46.27   66.64
 -66188.773   204.865   -59.29   71.05
 -65902.243   184.962   -69.47   70.56
 -65615.735   164.497   -71.43   62.73
 -65329.250   147.250   -60.21   49.42
 -65042.787   137.377   -34.46   32.23
 -64756.347   131.636   -20.05   24.54
 -64469.929   129.125    -8.77   18.95
 -64183.534   126.418    -9.45   13.18
 -63897.161   124.344    -7.24    5.57
 -63610.810   124.250    -0.33    5.86
 -63324.482   123.679    -1.99    5.91
 -63038.177   123.245    -1.52    5.30
 -62751.894   123.063    -0.63    5.13
 -62465.633   123.162     0.35    5.28
 -62179.395   124.050     3.10    6.59
 -61893.179   125.383     4.66    7.74
 -61606.985   126.691     4.57    8.50
 -61320.814   128.894     7.70    9.12
 -61034.665   131.639     9.59   10.56
 -60748.539   134.568    10.24   12.14
 -60462.435   136.610     7.14   13.08
 -60176.354   139.564    10.33   14.00
 -59890.294   144.682    17.89   16.40
 -59604.258   152.766    28.26   22.95
 -59318.243   161.131    29.25   29.41
 -59032.251   167.208    21.25   29.92
 -58746.281   172.024    16.84   28.97
 -58460.334   175.096    10.74   28.36
 -58174.409   179.693    16.08   27.39
 -57888.506   183.234    12.39   28.05
 -57602.626   179.936   -11.53   27.10
 -57316.768   176.667   -11.44   27.85
 -57030.932   178.121     5.09   34.94
 -56745.119   180.592     8.65   35.46
 -56459.327   187.411    23.86   39.05
 -56173.559   194.888    26.17   44.98
 -55887.812   198.953    14.23   49.16
 -55602.088   207.081    28.45   52.48
 -55316.386   217.347    35.93   53.95
 -55030.706   234.245    59.15   60.96
 -54745.049   247.855    47.65   62.62
 -54459.414   263.121    53.45   61.15
 -54173.801   279.092    55.92   58.76
 -53888.210   299.458    71.31   55.47
 -53602.642   321.375    76.75   58.49
 -53317.096   342.524    74.07   64.92
 -53031.572   357.885    53.80   65.02
 -52746.070   368.089    35.74   61.71
 -52460.591   375.831    27.12   52.95
 -52175.134   378.829    10.51   48.37
 -51889.699   374.894   -13.79   50.54
 -51604.286   361.766   -46.00   53.32
 -51318.895   345.693   -56.32   52.96
 -51033.527   328.936   -58.72   54.51
 -50748.181   310.712   -63.87   61.14
 -50462.857   289.461   -74.49   65.80
 -50177.555   271.089   -64.40   59.62
 -49892.275   261.497   -33.62   51.47
 -49607.018   260.411    -3.81   53.37
 -49321.783   280.809    71.51   77.35
 -49036.570   311.473   107.52   91.64
 -48751.379   343.234   111.37   83.02
 -48466.210   367.371    84.64   63.42
 -48181.063   370.866    12.26   58.25
 -47895.939   359.060   -41.41   64.74
 -47610.837   333.940   -88.11   70.29
 -47325.756   296.734  -130.52   70.95
 -47040.698   264.222  -114.06   60.68
 -46755.662   240.877   -81.90   49.46
 -46470.648   224.239   -58.38   41.18
 -46185.657   216.030   -28.81   34.75
 -45900.687   221.958    20.80   41.84
 -45615.740   234.245    43.12   51.30
 -45330.814   251.682    61.20   61.58
 -45045.911   262.068    36.46   64.76
 -44761.029   276.093    49.23   64.58
 -44476.170   288.990    45.28   61.44
 -44191.333   303.379    50.52   64.11
 -43906.518   308.947    19.55   64.18
 -43621.725   317.256    29.18   67.39
 -43334.341   331.319    48.94   68.74
 -43044.691   349.562    62.98   65.30
 -42755.065   369.819    69.95   64.48
 -42465.461   385.339    53.59   68.21
 -42175.881   397.923    43.46   70.22
 -41886.324   422.829    86.02   74.23
 -41596.790   458.356   122.71   79.22
 -41307.280   490.175   109.91   79.93
 -41017.792   509.891    68.11   71.97
 -40728.328   522.027    41.93   66.89
 -40438.887   529.479    25.75   66.22
 -40149.469   523.383   -21.06   74.25
 -39860.074   498.500   -85.99   79.78
 -39570.702   466.818  -109.49   76.52
 -39281.354   436.594  -104.46   79.28
 -38992.028   403.250  -115.25   84.00
 -38702.726   368.064  -121.63   87.72
 -38413.447   328.368  -137.23   82.30
 -38124.191   296.239  -111.08   67.30
 -37834.958   278.219   -62.31   50.75
 -37545.749   271.799   -22.20   42.84
 -37256.562   277.671    20.31   47.53
 -36967.398   296.186    64.03   56.80
 -36678.258   320.549    84.26   58.06
 -36389.141   347.997    94.94   56.08
 -36100.046   366.311    63.35   57.63
 -35810.975   384.035    61.32   57.92
 -35521.927   399.305    52.83   53.24
 -35232.902   412.712    46.39   49.36
 -34943.900   421.011    28.71   47.45
 -34654.921   425.433    15.30   52.30
 -34365.965   435.647    35.35   54.72
 -34077.032   451.041    53.28   55.46
 -33788.122   464.929    48.07   60.93
 -33499.235   486.744    75.52   59.24
 -33210.371   497.633    37.70   57.17
 -32921.531   506.158    29.51   55.41
 -32632.713   506.315     0.54   59.68
 -32343.918   489.831   -57.08   71.70
 -32055.146   472.766   -59.10   72.56
 -31766.398   459.386   -46.34   68.28
 -31477.672   447.625   -40.73   59.78
 -31188.969   436.831   -37.39   53.40
 -30900.289   430.888   -20.58   51.52
 -30611.632   432.433     5.35   52.22
 -30322.998   425.140   -25.27   63.19
 -30034.387   398.821   -91.19   81.80
 -29745.799   370.799   -97.11   88.91
 -29457.234   345.177   -88.79   91.18
 -29168.692   327.433   -61.50   87.99
 -28880.173   313.702   -47.59   79.12
 -28591.677   298.201   -53.73   65.23
 -28303.204   288.734   -32.82   55.35
 -28014.753   290.016     4.44   59.14
 -27726.326   300.777    37.31   72.91
 -27437.921   319.003    63.20   88.12
 -27149.539   331.202    42.30   91.38
 -26861.181   337.799    22.88   86.43
 -26572.845   339.519     5.97   76.71
 -26284.532   336.511   -10.43   68.29
 -25996.242   331.261   -18.21   59.57
 -25707.974   315.912   -53.25   53.75
 -25419.730   300.712   -52.73   48.69
 -25131.508   287.562   -45.63   40.61
 -24843.310   285.336    -7.72   41.31
 -24555.134   290.475    17.83   48.88
 -24266.981   302.485    41.68   60.50
 -23978.851   325.022    78.22   65.95
 -23690.744   361.605   126.98   71.56
 -23402.659   393.532   110.83   68.68
 -23114.597   402.849    32.34   61.30
 -22826.559   399.364   -12.10   60.93
 -22538.543   390.201   -31.82   68.92
 -22250.549   378.895   -39.26   73.87
 -21962.579   362.936   -55.42   70.98
 -21674.631   349.943   -45.12   56.47
 -21386.706   353.029    10.72   55.30
 -21098.804   369.734    58.02   64.63
 -20810.925   389.522    68.74   68.47
 -20523.068   414.325    86.17   68.12
 -20235.235   424.714    36.09   66.51
 -19947.424   425.368     2.27   67.01
 -19659.635   414.508   -37.74   71.19
 -19371.870   394.679   -68.91   70.55
 -19084.127   373.207   -74.62   70.31
 -18796.407   353.347   -69.03   63.81
 -18508.710   338.422   -51.88   61.35
 -18221.035   325.677   -44.30   59.89
 -17933.383   315.400   -35.73   58.08
 -17645.754   307.136   -28.73   57.03
 -17358.148   299.107   -27.92   61.03
 -17070.564   289.451   -33.58   60.20
 -16783.003   282.655   -23.63   61.76
 -16495.465   278.011   -16.15   60.62
 -16207.949   270.734   -25.31   57.54
 -15920.456   263.612   -24.77   53.84
 -15632.986   259.473   -14.40   53.44
 -15345.538   254.133   -18.58   54.81
 -15058.113   237.144   -59.11   59.48
 -14770.711   217.527   -68.26   60.83
 -14483.331   196.940   -71.64   57.27
 -14195.974   177.008   -69.36   48.12
 -13908.640   160.277   -58.23   40.69
 -13621.328   144.063   -56.44   29.92
 -13334.039   131.888   -42.38   21.42
 -13046.772   124.277   -26.50   19.20
 -12759.528   118.212   -21.12   18.23
 -12472.307   111.832   -22.21   16.43
 -12185.108   106.405   -18.90   14.34
 -11897.932   102.223   -14.56   12.73
 -11610.779   100.358    -6.50   13.26
 -11323.648    99.293    -3.71   14.51
 -11036.540    98.691    -2.10   16.06
 -10749.454   100.680     6.93   18.49
 -10462.391   103.350     9.30   20.90
 -10175.350   104.756     4.90   20.07
  -9888.332   105.181     1.48   18.66
  -9601.337   103.702    -5.15   16.14
  -9314.364   100.234   -12.08   15.20
  -9027.413    95.684   -15.86   16.12
  -8740.485    91.308   -15.25   16.24
  -8453.580    86.085   -18.20   15.93
  -8166.697    79.712   -22.21   14.19
  -7879.837    74.096   -19.58   12.71
  -7592.999    69.839   -14.84   12.29
  -7306.184    66.408   -11.96   12.21
  -7019.391    62.734   -12.81   11.80
  -6732.621    58.981   -13.09    9.83
  -6445.873    55.081   -13.60    7.30
  -6159.148    52.401    -9.35    5.90
  -5872.445    50.625    -6.19    4.96
  -5585.765    50.014    -2.13    4.87
  -5299.107    49.129    -3.09    4.71
  -5012.472    48.418    -2.48    4.80
  -4725.859    47.955    -1.62    5.03
  -4439.269    47.690    -0.92    5.81
  -4152.701    47.377    -1.09    6.43
  -3866.155    46.300    -3.76    7.14
  -3579.632    45.294    -3.51    7.48
  -3293.131    43.255    -7.11    7.58
  -3006.653    40.516    -9.56    7.91
  -2720.197    38.033    -8.67    7.86
  -2433.764    35.888    -7.49    7.03
  -2147.353    33.503    -8.33    6.82
  -1860.964    32.462    -3.63    6.85
  -1574.598    29.408   -10.67    9.82
  -1288.254    23.909   -19.20   13.74
  -1001.933    18.133   -20.17   15.14
   -715.634    12.415   -19.97   14.49
   -429.357     7.211   -18.18   12.24
   -143.103     3.379   -13.39    8.65
    143.129     2.905    -1.66    8.40
    429.339     6.530    12.67   14.58
    715.526    13.693    25.03   20.09
   1001.691    21.734    28.10   22.96
   1287.834    30.893    32.01   23.56
   1573.954    40.766    34.51   21.07
   1860.052    51.186    36.42   15.63
   2146.127    57.863    23.34   12.39
   2432.180    62.061    14.68   11.57
   2718.211    65.902    13.43   11.26
   3004.220    70.405    15.74   11.69
   3290.206    76.027    19.66   12.78
   3576.170    81.745    19.99   14.14
   3862.112    87.187    19.03   15.77
   4148.031    92.923    20.06   17.45
   4433.928    99.411    22.70   17.39
   4719.803   104.218    16.81   17.30
   5005.656   110.032    20.34   18.02
   5291.486   114.971    17.28   20.49
   5577.294   118.497    12.34   22.23
   5863.080   122.067    12.49   24.59
   6148.843   123.437     4.79   27.27
   6434.585   125.755     8.11   30.76
   6720.304   125.288    -1.63   35.53
   7006.001   120.977   -15.09   35.72
   7291.675   117.505   -12.15   34.43
   7577.327   116.566    -3.29   33.02
   7862.958   117.711     4.01   33.58
   8148.566   117.951     0.84   33.46
   8434.151   118.973     3.58   33.14
   8719.715   119.234     0.91   30.63
   9005.256   119.631     1.39   25.64
   9290.775   123.177    12.42   23.36
   9576.272   130.100    24.25   24.56
   9861.747   137.909    27.36   27.17
  10147.200   147.911    35.04   30.84
  10432.630   162.887    52.47   39.16
  10718.038   177.305    50.52   45.90
  11003.424   193.862    58.02   50.65
  11288.788   211.680    62.44   50.70
  11574.130   229.202    61.41   45.31
  11859.450   244.497    53.61   42.73
  12144.748   260.745    56.95   41.44
  12430.023   271.984    39.40   42.34
  12715.276   277.556    19.53   41.73
  13000.507   287.308    34.19   40.85
  13285.716   304.990    62.00   49.45
  13570.903   331.788    93.97   64.60
  13856.068   356.266    85.84   68.00
  14141.211   376.543    71.11   69.03
  14426.332   402.037    89.41   69.64
  14711.430   428.487    92.77   70.51
  14996.507   450.734    78.04   74.00
  15281.561   474.659    83.93   73.01
  15566.594   493.046    64.51   69.35
  15851.604   501.459    29.52   69.41
  16136.592   500.261    -4.20   75.92
  16421.558   488.788   -40.26   89.07
  16706.502   477.788   -38.60   91.32
  16991.424   477.327    -1.62   87.58
  17276.324   475.549    -6.24   82.14
  17561.202   487.831    43.11   79.66
  17846.058   507.844    70.25   79.83
  18130.892   536.971   102.26   94.03
  18415.704   584.844   168.08  117.02
  18704.279   631.975   163.32  123.56
  18993.925   662.799   106.42  112.57
  19283.548   685.440    78.17   90.63
  19573.148   691.822    22.04   78.38
  19862.725   689.092    -9.43   73.09
  20152.278   663.473   -88.48   66.57
  20441.809   636.933   -91.66   49.32
  20731.316   614.255   -78.33   52.29
  21020.800   600.055   -49.05   63.29
  21310.261   582.633   -60.19   67.28
  21599.699   559.853   -78.70   56.29
  21889.114   544.188   -54.12   39.67
  22178.506   537.810   -22.04   29.70
  22467.875   543.122    18.36   28.42
  22757.220   558.288    52.42   32.44
  23046.543   577.400    66.05   34.55
  23335.842   603.027    88.58   42.21
  23625.119   632.338   101.32   57.89
  23914.372   667.162   120.39   77.47
  24203.602   707.288   138.73   93.94
  24492.810   748.800   143.53  103.07
  24781.994   793.601   154.92  103.91
  25071.155   839.455   158.57   98.95
  25360.293   884.777   156.75   92.69
  25649.409   925.333   140.27   79.73
  25938.501   949.533    83.71   65.93
  26227.570   962.656    45.40   57.00
  26516.616   962.488    -0.58   57.72
  26805.639   947.451   -52.03   68.74
  27094.639   913.711  -116.74   79.55
  27383.616   876.316  -129.40   79.35
  27672.571   839.690  -126.75   71.84
  27961.502   807.347  -111.94   61.78
  28250.410   781.081   -90.91   53.94
  28539.295   765.186   -55.02   53.81
  28828.157   756.583   -29.78   56.81
  29116.997   749.734   -23.71   63.46
  29405.813   745.429   -14.90   71.11
  29694.607   740.325   -17.67   80.91
  29983.377   737.842    -8.60   85.58
  30272.125   731.272   -22.76   83.49
  30560.849   713.863   -60.29   79.20
  30849.551   690.679   -80.30   75.92
  31138.230   670.556   -69.71   77.59
  31426.886   657.777   -44.27   75.64
  31715.519   649.876   -27.37   76.54
  32004.129   639.637   -35.48   82.62
  32292.716   630.897   -30.29   91.58
  32581.281   629.966    -3.22   95.50
  32869.822   635.579    19.45  101.94
  33158.341   649.691    48.91  116.45
  33446.837   669.583    68.95  133.21
  33735.310   689.777    70.00  137.35
  34023.760   718.277    98.80  135.46
  34312.187   745.693    95.05  122.73
  34600.591   766.607    72.51  109.87
  34888.973   772.190    19.36   98.01
  35177.331   760.305   -41.22   84.46
  35465.667   740.239   -69.59   90.54
  35753.980   715.598   -85.47  104.52
  36042.270   678.589  -128.37  125.51
  36330.538   620.628  -201.06  136.66
  36618.782   559.393  -212.44  126.16
  36907.004   514.234  -156.68  104.60
  37195.203   483.841  -105.45   83.28
  37483.379   456.027   -96.51   63.30
  37771.533   429.330   -92.64   54.37
  38059.663   410.516   -65.29   57.45
  38347.771   400.766   -33.84   59.36
  38635.856   390.315   -36.28   57.58
  38923.919   377.703   -43.78   52.45
  39211.958   373.387   -14.98   56.73
  39499.975   380.304    24.01   67.69
  39787.969   393.854    47.05   76.83
  40075.941   411.984    62.95   79.99
  40363.889   425.422    46.67   78.83
  40651.815   436.881    39.80   72.49
  40939.719   442.218    18.54   61.65
  41227.599   442.470     0.87   48.77
  41515.457   435.981   -22.54   41.82
  41803.292   427.986   -27.78   40.29
  42091.104   413.852   -49.11   45.00
  42378.894   396.831   -59.14   47.07
  42666.661   383.917   -44.88   41.93
  42954.405   379.519   -15.28   39.90
  43242.127   379.549     0.10   39.94
  43529.826   386.962    25.77   42.66
  43817.502   400.492    47.03   45.78
  44105.156   420.690    70.22   43.12
  44392.787   444.338    82.21   41.91
  44680.396   464.066    68.59   50.93
  44967.981   486.688    78.66   59.46
  45255.544   511.277    85.50   64.29
  45543.085   527.611    56.80   60.50
  45830.603   541.333    47.72   59.03
  46118.098   542.444     3.86   64.15
  46405.571   534.033   -29.26   74.22
  46693.021   521.206   -44.62   76.47
  46980.448   509.811   -39.64   71.63
  47267.853   498.239   -40.26   54.48
  47555.235   497.788    -1.57   44.88
  47842.595   512.644    51.69   54.91
  48129.932   537.288    85.77   58.18
  48417.246   558.690    74.49   56.38
  48704.538   567.821    31.78   53.70
  48991.808   568.973     4.01   49.24
  49279.055   561.980   -24.34   51.21
  49566.279   549.800   -42.40   53.27
  49853.481   537.100   -44.22   53.12
  50140.660   520.788   -56.80   52.61
  50427.816   508.484   -42.85   49.86
  50714.951   497.216   -39.24   50.06
  51002.062   492.677   -15.81   52.15
  51289.151   489.155   -12.27   51.86
  51576.218   484.844   -15.02   51.96
  51863.262   481.844   -10.45   48.62
  52150.284   475.444   -22.30   46.84
  52437.283   464.404   -38.47   47.35
  52724.259   465.503     3.83   50.45
  53011.213   466.690     4.14   52.64
  53298.145   458.603   -28.18   54.34
  53585.054   444.951   -47.58   54.92
  53871.941   433.179   -41.03   55.46
  54158.805   421.315   -41.36   58.13
  54445.647   414.379   -24.18   58.03
  54732.466   400.886   -47.04   53.32
  55019.263   387.461   -46.81   46.21
  55306.037   375.229   -42.65   39.78
  55592.789   367.799   -25.91   34.77
  55879.519   372.712    17.13   44.31
  56166.226   375.353     9.21   48.53
  56452.911   378.660    11.53   56.23
  56739.573   383.173    15.74   68.79
  57026.213   379.693   -12.14   73.63
  57312.831   375.121   -15.95   76.40
  57599.426   362.942   -42.49   72.92
  57885.999   350.110   -44.77   64.61
  58172.549   335.734   -50.17   49.00
  58459.077   320.537   -53.04   38.42
  58745.583   306.213   -49.99   29.29
  59032.066   295.005   -39.12   22.93
  59318.527   287.995   -24.47   17.97
  59604.965   282.614   -18.78   10.50
  59891.382   280.282    -8.14    4.49
  60177.775   281.556     4.45    5.14
  60464.147   284.310     9.62    7.65
  60750.496   288.390    14.25    9.50
  61036.823   292.852    15.58   11.01
  61323.127   299.092    21.79   12.61
  61609.410   305.005    20.65   14.37
  61895.669   311.331    22.10   16.36
  62181.907   317.898    22.94   17.90
  62468.122   323.931    21.08   18.55
  62754.315   330.900    24.35   18.36
  63040.486   341.306    36.36   22.86
  63326.634   354.155    44.90   29.12
  63612.761   365.525    39.73   32.69
  63898.864   378.395    44.98   35.72
  64184.946   390.933    43.82   41.67
  64471.005   404.081    45.96   45.87
  64757.042   418.975    52.07   48.15
  65043.057   433.077    49.30   48.88
  65329.050   449.734    58.24   52.65
  65615.020   466.477    58.55   52.62
  65900.968   482.924    57.51   55.32
  66186.894   498.966    56.10   58.74
  66472.798   519.096    70.40   60.87
  66758.679   535.388    56.99   60.39
  67044.538   547.227    41.41   60.85
  67330.375   561.088    48.49   65.20
  67616.190   574.155    45.71   69.82
  67901.983   596.011    76.47   73.98
  68187.753   620.177    84.56   82.54
  68473.501   631.647    40.14   87.04
  68759.228   640.842    32.18   88.47
  69044.931   645.637    16.78   87.67
  69330.613   653.723    28.30   88.29
  69616.273   666.799    45.77   89.46
  69901.910   686.575    69.23   96.43
  70187.525   715.681   101.90  108.99
  70473.118   749.223   117.44  108.64
  70758.689   778.701   103.22   98.96
  71044.238   805.266    93.03   90.92
  71329.765   841.917   128.35   97.76
  71615.269   875.966   119.25   98.18
  71900.752   899.351    81.91   84.76
  72186.212   907.164    27.37   83.18
  72471.650   905.733    -5.01   89.37
  72757.066   897.234   -29.78  105.22
  73042.460   876.830   -71.49  115.14
  73327.832   852.103   -86.64  114.53
  73613.182   828.490   -82.75  110.78
  73898.510   814.625   -48.59  113.34
  74183.816   815.092     1.64  115.17
  74469.099   811.388   -12.98  113.01
  74754.361   813.560     7.61  108.97
  75039.600   818.960    18.93  106.83
  75324.818   832.190    46.38  108.54
  75610.013   833.777     5.56  109.64
  75895.186   821.733   -42.23  116.04
  76180.337   805.634   -56.45  121.58
  76465.467   787.676   -62.98  115.72
  76750.574   772.055   -54.79   99.66
  77035.659   750.777   -74.63   83.21
  77320.722   736.148   -51.32   71.18
  77605.763   724.888   -39.50   67.42
  77890.783   721.081   -13.36   69.39
  78175.780   716.008   -17.80   70.38
  78460.755   720.422    15.49   66.12
  78745.708   725.788    18.83   63.09
  79030.639   732.033    21.91   55.50
  79315.548   735.411    11.85   51.51
  79600.436   723.665   -41.23   57.84
  79885.301   697.700   -91.14   65.89
  80170.144   679.922   -62.41   63.07
  80455.074   669.033   -38.21   54.62
  80744.748   670.222     4.10   52.83
  81034.398   682.000    40.66   57.64
  81324.025   702.411    70.47   63.15
  81613.629   731.879   101.75   66.52
  81903.210   763.500   109.19   66.50
  82192.768   790.911    94.66   62.32
  82482.303   820.177   101.07   56.96
  82771.815   836.533    56.49   50.06
  83061.304   841.944    18.69   54.22
  83350.769   842.766     2.84   63.81
  83640.212   828.000   -51.01   78.38
  83929.632   798.733  -101.11   87.67
  84219.028   758.733  -138.21   91.39
  84508.402   718.977  -137.38   89.39
  84797.753   688.833  -104.17   85.82
  85087.080   661.272   -95.25   73.98
  85376.385   634.222   -93.49   61.26
  85665.667   611.382   -78.95   53.04
  85954.926   591.665   -68.16   49.50
  86244.161   579.022   -43.71   47.85
  86533.374   566.888   -41.95   48.88
  86822.564   554.380   -43.25   49.99
  87111.731   539.711   -50.73   51.20
  87400.875   530.255   -32.70   53.09
  87689.995   518.755   -39.77   55.23
  87979.093   505.100   -47.23   58.08
  88268.169   489.533   -53.85   57.40
  88557.221   474.653   -51.48   51.61
  88846.250   465.811   -30.59   43.20
  89135.256   466.355     1.88   42.63
  89424.239   481.164    51.24   53.92
  89713.200   507.722    91.90   64.03
  90002.137   529.011    73.67   60.07
  90291.052   543.407    49.82   52.12
  90579.944   548.844    18.82   48.42
  90868.813   546.900    -6.73   46.97
  91157.659   537.357   -33.03   51.20
  91446.482   524.300   -45.21   53.09
  91735.282   513.533   -37.28   51.48
  92024.059   508.200   -18.47   49.70
  92312.814   509.355     4.00   53.15
  92601.546   520.455    38.44   63.15
  92890.254   550.937   105.57   70.85
  93178.940   571.433    70.99   59.54
  93467.604   574.466    10.51   58.91
  93756.244   569.722   -16.44   57.89
  94044.861   575.153    18.82   58.14
  94333.456   578.411    11.29   59.42
  94622.028   574.777   -12.59   56.37
  94910.577   575.677     3.12   54.89
  95199.103   577.555     6.51   51.94
  95487.607   571.900   -19.60   58.53
  95776.087   552.846   -66.04   68.52
  96064.545   527.440   -88.07   61.09
  96352.980   508.777   -64.70   48.96
  96641.393   501.373   -25.67   45.62
  96929.782   503.129     6.09   47.27
  97218.149   506.228    10.75   48.11
  97506.493   515.497    32.14   51.58
  97794.814   524.997    32.95   51.85
  98083.113   543.195    63.12   62.12
  98371.389   567.744    85.15   74.20
  98659.642   609.810   145.92   90.77
  98947.872   660.426   175.59   97.57
  99236.080   701.173   141.37   95.18
  99524.265   734.315   114.99   92.77
  99812.427   764.600   105.09   77.87
 100100.567   778.179    47.13   66.99
 100388.683   769.451   -30.29   72.56
 100676.778   749.938   -67.72   77.94
 100964.849   726.689   -80.70   69.77
 101252.898   714.085   -43.75   61.39
 101540.924   703.244   -37.64   56.94
 101828.927   700.195   -10.59   58.27
 102116.908   696.118   -14.16   56.73
 102404.866   683.293   -44.53   60.84
 102692.801   670.411   -44.73   67.73
 102980.714   657.492   -44.87   71.49
 103268.604   640.895   -57.64   73.07
 103556.472   617.196   -82.32   63.76
 103844.317   597.898   -67.04   52.81
 104132.139   580.809   -59.37   43.70
 104419.939   570.250   -36.69   36.39
 104707.716   562.261   -27.76   32.83
 104995.470   554.820   -25.86   26.76
 105283.202   550.149   -16.23   23.66
 105570.911   548.637    -5.25   28.56
 105858.598   549.577     3.27   35.56
 106146.262   548.573    -3.49   38.91
 106433.903   544.953   -12.58   36.60
 106721.522   545.508     1.93   37.99
 107009.118   543.745    -6.13   39.42
 107296.692   540.851   -10.06   40.77
 107584.243   541.810     3.33   45.64
 107871.772   543.922     7.34   50.38
 108159.278   543.800    -0.43   54.53
 108446.761   550.516    23.36   63.74
 108734.222   558.128    26.48   73.22
 109021.661   570.808    44.11   87.19
 109309.077   586.648    55.11   96.06
 109596.470   591.440    16.67   96.74
 109883.841   591.811     1.29   91.10
 110171.189   593.701     6.58   86.73
 110458.515   590.626   -10.70   80.75
 110745.819   583.110   -26.16   71.99
 111033.100   569.553   -47.18   59.63
 111320.358   552.342   -59.91   53.18
 111607.594   531.988   -70.85   52.11
 111894.807   511.096   -72.74   51.11
 112181.998   494.960   -56.18   44.98
 112469.167   491.160   -13.23   42.97
 112756.313   502.224    38.53   59.97
 113043.437   525.261    80.23   80.84
 113330.538   549.353    83.91   85.37
 113617.617   579.588   105.31   81.53
 113904.673   611.245   110.27   73.52
 114191.707   640.756   102.80   65.57
 114478.718   654.724    48.66   57.46
 114765.707   656.968     7.82   56.60
 115052.674   654.353    -9.11   62.34
 115339.618   650.634   -12.96   66.65
 115626.540   648.377    -7.87   67.14
 115913.439   646.408    -6.87   62.07
 116200.316   640.458   -20.74   53.33
 116487.171   634.398   -21.12   47.44
 116774.003   627.429   -24.29   49.99
 117060.813   618.811   -30.05   54.78
 117347.600   600.261   -64.68   60.86
 117634.365   571.955   -98.70   55.80
 117921.108   556.886   -52.55   53.05
 118207.829   542.636   -49.70   52.60
 118494.527   525.658   -59.21   53.47
 118781.202   519.019   -23.15   53.39
 119067.856   517.745    -4.44   56.64
 119354.487   522.874    17.89   61.20
 119641.095   534.688    41.22   67.69
 119927.682   554.144    67.88   70.76
 120214.246   572.055    62.50   64.85
 120500.788   590.788    65.37   60.94
 120787.307   607.333    57.74   67.37
 121073.804   621.228    48.49   68.48
 121360.279   629.155    27.67   67.52
 121646.732   623.847   -18.53   75.21
 121933.162   606.204   -61.59   82.88
 122219.570   596.081   -35.34   84.93
 122505.956   578.641   -60.89   77.41
 122792.319   577.644    -3.48   75.75
 123078.661   597.644    69.84   94.09
 123364.980   636.193   134.62  107.52
 123651.276   675.811   138.37  103.08
 123937.551   701.733    90.54   93.90
 124223.803   719.255    61.21   87.39
 124510.033   724.955    19.91   85.76
 124796.241   725.171     0.75   90.97
 125082.427   720.980   -14.64   89.20
 125368.590   718.722    -7.89   87.72
 125654.731   726.488    27.14   93.69
 125940.850   746.339    69.37  109.80
 126226.947   783.607   130.25  122.00
 126513.021   829.789   161.42  135.39
 126799.074   876.444   163.08  140.43
 127085.104   920.249   153.13  136.52
 127371.112   946.171    90.62  122.58
 127657.098   950.362    14.65  115.31
 127943.061   955.553    18.15  118.07
 128229.003   930.278   -88.38  121.51
 128514.922   885.088  -158.03  125.90
 128800.819   852.577  -113.70  121.24
 129086.694   827.044   -89.31  113.20
 129372.547   803.467   -82.47  104.56
 129658.378   795.418   -28.16  104.44
 129944.186   786.777   -30.23  104.05
 130229.973   784.261    -8.81  107.14
 130515.737   790.349    21.30   98.60
 130801.480   788.429    -6.72   88.71
 131087.200   781.311   -24.91   77.13
 131372.898   768.393   -45.21   65.42
 131658.574   750.111   -63.99   54.69
 131944.228   738.766   -39.71   53.02
 132229.859   735.144   -12.68   51.11
 132515.469   740.505    18.77   51.93
 132801.057   747.588    24.80   51.90
 133086.622   754.581    24.49   54.47
 133372.166   762.519    27.79   52.95
 133657.687   767.341    16.89   50.97
 133943.186   768.186     2.96   48.48
 134228.664   759.656   -29.87   52.28
 134514.119   746.577   -45.81   55.38
 134799.552   738.266   -29.11   54.51
 135084.964   741.842    12.53   59.50
 135370.353   744.575     9.58   60.44
 135655.720   748.671    14.35   57.16
 135941.065   757.734    31.76   56.26
 136226.388   774.353    58.24   58.29
 136511.689   784.845    36.77   54.93
 136796.968   795.234    36.41   55.43
 137082.225   809.418    49.72   52.93
 137367.461   815.500    21.32   48.48
 137652.674   817.011     5.30   46.18
 137937.865   817.375     1.28   46.54
 138223.034   814.022   -11.76   49.16
 138508.181   811.938    -7.31   54.16
 138793.307   801.477   -36.68   59.46
 139078.410   784.997   -57.80   64.11
 139363.491   770.503   -50.84   63.69
 139648.551   755.316   -53.27   64.31
 139933.588   735.288   -70.25   60.76
 140218.604   716.887   -64.56   61.43
 140503.597   696.623   -71.09   63.70
 140788.569   675.888   -72.75   62.25
 141073.519   656.835   -66.86   54.35
 141358.447   644.227   -44.25   43.41
 141643.352   638.789   -19.09   38.89
 141928.237   645.005    21.82   46.62
 142213.099   658.463    47.24   58.67
 142499.289   671.411    45.24   60.61
 142788.948   685.429    48.39   54.98
 143078.583   706.016    71.07   45.73
 143368.196   725.055    65.73   46.52
 143657.785   743.100    62.30   53.22
 143947.352   767.766    85.17   58.10
 144236.896   787.144    66.92   55.07
 144526.417   798.500    39.22   52.09
 144815.914   797.966    -1.84   54.83
 145105.389   784.318   -47.14   64.97
 145394.841   766.969   -59.93   62.77
 145684.270   755.081   -41.07   56.62
 145973.676   746.031   -31.27   47.97
 146263.059   749.011    10.30   52.63
 146552.419   765.162    55.81   64.71
 146841.756   788.300    79.96   71.74
 147131.071   806.022    61.25   70.77
 147420.362   816.977    37.87   69.31
 147709.631   822.088    17.67   65.76
 147998.876   834.622    43.33   66.65
 148288.099   846.288    40.33   68.66
 148577.299   866.863    71.13   76.11
 148866.476   904.723   130.91   97.68
 149155.630   959.530   189.52  111.70
 149444.761   999.555   138.41  114.45
 149733.870  1025.133    88.46  103.44
 150022.955  1038.129    44.95   92.24
 150312.018  1022.305   -54.74  105.07
 150601.057   987.852  -119.18  129.75
 150890.074   934.195  -185.63  144.29
 151179.069   867.600  -230.41  140.90
 151468.040   809.190  -202.10  132.92
 151756.988   755.745  -184.94  119.87
 152045.914   715.418  -139.56   94.57
 152334.817   686.766   -99.16   75.71
 152623.697   676.404   -35.87   69.80
 152912.554   672.644   -13.01   69.98
 153201.389   670.244    -8.31   71.83
 153490.200   669.863    -1.32   70.71
 153778.989   669.809    -0.19   66.24
 154067.755   670.949     3.95   61.94
 154356.499   664.636   -21.86   69.48
 154645.219   644.233   -70.66   81.02
 154933.917   611.588  -113.06   88.02
 155222.592   578.514  -114.56   92.10
 155511.244   549.315  -101.14   89.10
 155799.874   528.639   -71.63   83.85
 156088.481   511.938   -57.86   74.37
 156377.065   501.516   -36.11   62.97
 156665.626   498.217   -11.43   61.81
 156954.165   500.107     6.55   65.68
 157242.681   508.634    29.55   68.53
 157531.174   518.505    34.21   67.90
 157819.644   525.532    24.36   66.91
 158108.092   517.064   -29.35   64.86
 158396.517   505.353   -40.60   54.92
 158684.920   503.044    -8.01   50.30
 158973.300   502.377    -2.31   47.80
 159261.657   498.277   -14.22   48.15
 159549.991   502.462    14.51   52.89
 159838.303   514.192    40.68   61.28
 160126.592   524.648    36.26   67.62
 160414.858   531.014    22.08   75.41
 160703.102   540.140    31.66   84.89
 160991.323   543.611    12.04   82.05
 161279.522   545.866     7.83   74.03
 161567.698   548.997    10.86   63.92
 161855.851   555.968    24.19   59.44
 162143.981   565.239    32.17   56.09
 162432.089   583.213    62.38   57.95
 162720.175   609.151    90.02   65.07
 163008.238   633.656    85.06   64.37
 163296.278   657.699    83.46   66.65
 163584.295   690.929   115.36   78.59
 163872.291   730.766   138.31   98.61
 164160.263   787.266   196.17  126.13
 164448.213   850.341   219.02  136.85
 164736.140   893.038   148.27  136.31
 165024.045   933.255   139.67  116.09
 165311.927   952.856    68.08  103.30
 165599.787   946.688   -21.42  111.51
 165887.624   923.634   -80.08  115.59
 166175.438   893.053  -106.24  110.44
 166463.230   862.067  -107.65  103.02
 166751.000   845.288   -58.30   97.37
 167038.747   830.459   -51.53   91.05
 167326.471   807.133   -81.06   92.84
 167614.173   771.665  -123.26  103.88
 167901.852   731.842  -138.41  108.39
 168189.509   690.016  -145.38  101.94
 168477.144   652.000  -132.15   90.06
 168764.756   623.309   -99.74   79.31
 169052.345   604.364   -65.86   74.36
 169339.912   592.408   -41.57   80.37
 169627.457   586.620   -20.12   88.21
 169914.979   580.888   -19.93   93.36
 170202.478   585.283    15.28  101.57
 170489.955   572.436   -44.68  110.89
 170777.410   546.680   -89.59  116.88
 171064.842   507.713  -135.55  111.84
 171352.252   474.481  -115.61  104.00
 171639.639   446.266   -98.16   90.36
 171927.004   423.148   -80.44   63.06
 172214.346   408.944   -49.43   29.41
 172501.666   418.625    33.69   36.71
 172788.964   441.564    79.83   53.04
 173076.239   473.639   111.63   70.19
 173363.492   509.223   123.86   83.22
 173650.722   546.333   129.18   92.10
 173937.930   580.366   118.48   96.65
 174225.116   606.677    91.60   99.91
 174512.279   623.560    58.78  104.39
 174799.420   621.153    -8.38  113.61
 175086.539   604.487   -58.04  120.57
 175373.635   580.468   -83.65  119.22
 175660.708   559.049   -74.60  108.93
 175947.760   535.200   -83.07   88.98
 176234.789   516.630   -64.69   65.25
 176521.796   510.228   -22.30   54.85
 176808.780   507.668    -8.92   47.58
 177095.742   511.842    14.54   46.96
 177382.682   524.508    44.14   59.61
 177669.599   543.636    66.66   73.32
 177956.494   569.327    89.53   84.27
 178243.367   594.500    87.74   85.20
 178530.218   619.317    86.50   78.48
 178817.046   641.535    77.45   79.75
 179103.852   663.158    75.38   84.75
 179390.635   675.277    42.25   88.33
 179677.397   686.158    37.94   88.85
 179964.136   700.973    51.66   92.07
 180250.852   720.700    68.79   97.12
 180537.547   735.211    50.61   96.61
 180824.219   742.211    24.41   93.25
 181110.869   745.588    11.78   87.94
 181397.497   749.689    14.31   76.86
 181684.102   759.712    34.96   63.43
 181970.686   762.096     8.32   51.97
 182257.247   762.000    -0.34   54.03
 182543.785   755.900   -21.29   58.73
 182830.302   744.809   -38.70   70.50
 183116.796   721.415   -81.65   79.61
 183403.268   687.788  -117.36   80.70
 183689.718   650.644  -129.65   73.70
 183976.146   616.288  -119.93   66.59
 184262.552   580.222  -125.91   66.44
 184548.935   546.249  -118.61   63.80
 184835.296   516.777  -102.90   64.27
 185121.635   491.616   -87.86   64.95
 185407.952   471.444   -70.44   64.44
 185694.247   461.055   -36.28   69.78
 185980.519   452.261   -30.72   74.11
 186266.769   453.077     2.85   79.83
 186552.998   447.494   -19.51   81.72
 186839.204   436.935   -36.89   82.03
 187125.387   429.477   -26.05   79.93
 187411.549   421.942   -26.33   75.51
 187697.689   420.666    -4.46   74.28
 187983.806   422.318     5.77   67.91
 188269.902   419.456   -10.00   63.96
 188555.975   409.948   -33.23   68.23
 188842.026   393.894   -56.11   77.32
 189128.055   374.628   -67.35   82.26
 189414.062   352.122   -78.68   73.88
 189700.047   333.877   -63.79   62.80
 189986.010   325.351   -29.81   64.29
 190271.950   322.410   -10.28   73.59
 190557.869   318.329   -14.27   76.51
 190843.765   316.255    -7.25   76.01
 191129.640   310.266   -20.95   68.46
 191415.492   300.596   -33.82   65.79
 191701.323   282.822   -62.17   67.82
 191987.131   260.100   -79.49   70.28
 192272.917   239.530   -71.96   72.16
 192558.681   226.375   -46.03   68.19
 192844.424   217.903   -29.65   61.39
 193130.144   216.550    -4.73   65.61
 193415.842   223.857    25.57   80.77
 193701.518   232.081    28.78   96.78
 193987.172   240.508    29.50  108.08
 194272.804   241.812     4.56  108.48
 194558.414   237.575   -14.83  108.09
 194844.002   219.528   -63.18   97.41
 195129.568   204.471   -52.72   85.73
 195415.113   186.278   -63.70   69.31
 195700.635   174.050   -42.82   56.61
 195986.135   173.586    -1.62   63.12
 196271.613   182.429    30.97   74.50
 196557.069   194.528    42.38   85.69
 196842.504   216.777    77.94   98.47
 197127.916   249.284   113.87  109.52
 197413.306   275.398    91.49  103.55
 197698.675   290.699    53.61   92.16
 197984.021   306.272    54.57   75.94
 198269.346   311.641    18.81   72.89
 198554.648   307.553   -14.33   74.73
 198839.929   300.177   -25.85   76.17
 199125.188   283.111   -59.82   75.02
 199410.425   267.640   -54.23   76.20
 199695.640   244.464   -81.24   81.87
 199980.833   213.573  -108.30   90.84
 200266.004   172.904  -142.59   95.09
 200551.153   130.904  -147.27   80.82
 200836.281    98.988  -111.92   54.20
 201121.386    78.173   -73.00   28.27
 201406.470    69.133   -31.70   10.42
 201691.532    67.000    -7.48    3.73
 201976.572    70.766    13.21   12.78
 202261.590    86.103    53.80   39.50
 202546.586   113.867    97.40   70.23
 202831.560   150.300   127.82   91.88
 203116.513   190.400   140.70  101.81
 203401.443   233.887   152.60   99.97
 203686.352   276.953   151.13   80.01
 203971.239   305.622   100.61   54.39
 204256.104   322.364    58.76   30.56
 204543.523   323.168     2.80   27.84
 204833.180   310.299   -44.42   45.90
 205122.815   284.459   -89.20   68.49
 205412.427   250.200  -118.27   88.38
 205702.016   216.634  -115.89   93.22
 205991.582   195.562   -72.76   85.20
 206281.125   186.118   -32.61   81.05
 206570.645   194.000    27.22   86.62
 206860.142   215.255    73.41   95.87
 207149.617   249.011   116.59   95.48
 207439.069   290.146   142.09   71.86
 207728.497   317.169    93.35   43.21
 208017.903   333.216    55.44   20.40
 208307.286   339.177    20.60    9.58
 208596.647   338.766    -1.42    8.86
 208885.984   335.391   -11.66   11.32
 209175.299   331.778   -12.49   11.90
 209464.591   328.654   -10.80   11.90
 209753.860   326.016    -9.12   11.14
 210043.106   324.417    -5.53    9.33
 210332.329   325.164     2.58    8.59
 210621.530   327.047     6.51    6.61
 210910.708   328.463     4.89    6.15
 211199.863   329.766     4.51    7.45
 211488.995   330.312     1.89    9.94
 211778.105   326.916   -11.74   16.99
 212067.192   321.516   -18.67   23.15
 212356.256   318.153   -11.63   23.95
 212645.297   313.539   -15.96   26.13
 212934.315   309.586   -13.67   26.56
 213223.311   310.187     2.08   22.44
 213512.284   313.261    10.64   19.67
 213801.235   316.937    12.72   17.90
 214090.162   321.215    14.80   14.87
 214379.067   325.137    13.57   13.53
 214667.949   325.573     1.51   15.27
 214956.809   319.569   -20.78   28.90
 215245.645   297.437   -76.61   58.24
 215534.459   260.300  -128.56   85.65
 215823.251   226.566  -116.79   90.84
 216112.019   204.653   -75.87   86.50
 216400.765   198.605   -20.94   88.77
 216689.489   212.778    49.08  102.00
 216978.189   247.187   119.16  114.98
 217266.867   301.859   189.35  107.66
 217555.523   354.651   182.86   81.51
 217844.155   389.811   121.79   64.64
 218132.765   409.118    66.88   48.29
 218421.353   417.933    30.54   36.80
 218709.917   420.566     9.12   37.63
 218998.460   425.362    16.62   39.38
 219286.979   429.564    14.56   36.97
 219575.476   429.801     0.82   34.13
 219863.950   433.433    12.59   28.29
 220152.402   435.126     5.87   27.04
 220440.831   431.575   -12.31   30.13
 220729.237   421.316   -35.56   35.59
