#  121.073  -1.174   6.519 ;Mean Elev.(m), Avg Gradient(m/km), RMS Gradient(m/km) - SRTM1     
#  115.099  -1.086   6.735 ;Mean Elev.(m), Avg Gradient(m/km), RMS Gradient(m/km) - ASTER GDEM
#  119.985  -1.085   6.674 ;Mean Elev.(m), Avg Gradient(m/km), RMS Gradient(m/km) - GMTED2010 
   1 127.630614  50.319917   124.560   124.614  5 54659.08753447 34.452
   2 127.628754  50.319511   124.021   124.035  4 54669.00318051 50.729
   4 127.624507  50.319161   124.745   124.752  5 54688.83446706 50.731
   6 127.630244  50.319656   124.102   124.098  5 54708.66575162 28.910
   8 127.629787  50.319296   174.078   174.117  4 54728.49705195 11.315
   9 127.626799  50.318903   189.961   190.250  4 54738.41269918  9.912
  10 127.623943  50.319284   124.392   124.358  5 54748.32834654 28.733
  11 127.621065  50.318842   124.017   124.045  4 54758.24399348 25.478
  12 127.622758  50.319607   123.606   123.600  5 54768.15963886 26.614
  13 127.626382  50.319567   171.078   171.190  4 54778.07528090 17.526
  14 127.630572  50.320114   170.943   170.628  5 54787.99092056 21.376
  15 127.631013  50.319420   188.249   188.301  5 54797.90655847 20.674
  16 127.633038  50.321281   124.529   124.565  5 54807.82219674 30.599
  17 127.633735  50.321310   124.449   124.411  5 54817.73783399 26.291
  18 127.628944  50.319319   124.483   124.483  4 54827.65348322 22.942
  19 127.626137  50.319553   124.202   124.202  5 54837.56912190 21.260
  20 127.621442  50.319228   124.214   124.246  5 54847.48477073 20.082
  21 127.615221  50.316952   123.805   123.797  4 54857.40041866 18.551
  22 127.613139  50.317108   123.830   123.845  5 54867.31606751 18.707
  23 127.613470  50.316955   123.848   123.851  5 54877.23171593 17.888
  24 127.617700  50.317886   123.931   123.926  5 54887.14736184 16.124
  25 127.622081  50.319338   124.002   123.977  5 54897.06300441 15.119
  26 127.622397  50.318992   128.864   128.657  4 54906.97864352 13.560
  27 127.622174  50.318764   126.020   124.137  5 54916.89428123 14.454
  28 127.623333  50.319054   124.157   124.210  5 54926.80991893 34.883
  29 127.627067  50.319665   124.037   124.044  4 54936.72555627 27.402
  30 127.631854  50.319612   189.319   189.523  5 54946.64119174 17.699
  31 127.640402  50.321944   191.493   192.539  4 54956.55682590  7.236
  32 127.637651  50.320909   124.794   124.761  5 54966.47247401 43.346
  33 127.633127  50.319822   124.275   124.272  5 54976.38812115 28.903
  35 127.627747  50.319829   124.540   124.504  4 54996.21941639 29.042
  36 127.625328  50.318742   124.292   124.264  4 55006.13506227 26.775
  37 127.625149  50.319808   177.398   175.944  5 55016.05070646 13.257
  39 127.619985  50.318960   125.020   125.105  5 55035.88199027 50.164
  41 127.626600  50.319145   123.999   123.997  5 55055.71327117 27.516
  42 127.634985  50.320780   178.846   178.386  6 55065.62890916  8.068
  43 127.633777  50.320051   189.877   190.278  5 55075.54455735 20.650
  44 127.630121  50.320237   125.865   125.758  4 55085.46020492 54.026
  46 127.623691  50.319860   181.013   181.497  5 55105.29149695  8.782
  47 127.624579  50.319785   189.492   189.758  5 55115.20714307 14.164
  48 127.627035  50.319557   173.443   173.332  4 55125.12278688 24.036
  49 127.628689  50.319180   187.778   187.826  4 55135.03842788 25.934
  50 127.630779  50.320436   123.622   123.615  5 55144.95406693 48.295
  51 127.627419  50.318411   123.486   123.494  4 55154.86970406 44.556
  52 127.628102  50.319118   124.146   124.154  3 55164.78534225 39.717
  53 127.630932  50.320395   124.614   124.636  5 55174.70098050 37.146
  54 127.633210  50.320359   124.495   124.440  6 55184.61662030 30.766
  55 127.627632  50.318596   124.635   124.666  4 55194.53227056 33.310
  56 127.623833  50.319961   124.635   124.698  5 55204.44792034 32.323
  57 127.615845  50.317108   124.649   124.730  5 55214.36356846 28.558
  58 127.614264  50.316925   124.698   124.707  5 55224.27921720 26.274
  59 127.617789  50.317733   124.310   124.349  4 55234.19486485 24.518
  60 127.624389  50.319038   124.328   124.327  5 55244.11050957 23.264
  61 127.626840  50.319175   124.247   124.252  4 55254.02615059 17.006
  62 127.625533  50.319609   124.134   124.154  4 55263.94178922 20.428
  63 127.622755  50.319390   124.169   124.198  5 55273.85742653 19.116
  64 127.623607  50.319018   125.716   124.400  5 55283.77306363 20.527
  65 127.630357  50.319832   124.185   124.171  5 55293.68870003 35.084
  66 127.637350  50.320632   124.635   124.638  5 55303.60433755 24.845
  67 127.637313  50.320906   125.119   125.128  5 55313.51998493 40.499
  69 127.627244  50.318777   173.067   173.248  4 55333.35127327 22.840
  70 127.625345  50.319488   175.750   175.809  4 55343.26691739 13.630
  71 127.625121  50.319002   124.148   124.113  4 55353.18256106 32.257
  72 127.626861  50.319240   173.722   173.809  5 55363.09820285 27.938
  73 127.626788  50.318805   196.199   194.573  4 55373.01384241  5.441
  74 127.626387  50.319097   173.818   174.091  5 55382.92948063 28.618
  75 127.626112  50.319195   125.027   125.011  5 55392.84511798 48.031
  76 127.630054  50.320038   126.858   126.840  5 55402.76075422 51.329
  77 127.631074  50.319925   190.339   190.852  5 55412.67640585 23.591
  78 127.633793  50.320412   125.562   125.581  5 55422.59205526 48.720
  79 127.634379  50.320523   175.162   174.688  6 55432.50770181 25.124
  80 127.629217  50.319474   125.002   125.006  4 55442.42334587 45.764
  81 127.625052  50.319529   124.294   124.345  5 55452.33898885 53.105
  82 127.623405  50.319195   123.674   123.408  5 55462.25463126 30.210
  83 127.626412  50.318552   123.687   123.687  4 55472.17027233 44.104
  84 127.633466  50.319963   123.794   123.679  5 55482.08591125 42.288
  85 127.638746  50.321255   188.406   187.884  6 55492.00154765 22.993
  86 127.638205  50.320541   189.816   189.757  5 55501.91718127 14.330
  87 127.634038  50.321169   123.490   123.521  5 55511.83282565 50.036
  88 127.627888  50.320119   123.471   123.456  4 55521.74847435 50.981
  89 127.624968  50.319298   123.107   123.078  4 55531.66412211 45.136
  90 127.625056  50.319208   124.271   124.259  5 55541.57976871 37.619
  91 127.625454  50.319722   124.683   124.615  5 55551.49541343 34.713
  92 127.623184  50.319783   124.812   124.857  5 55561.41105650 33.295
  93 127.619400  50.318017   124.353   124.364  5 55571.32669845 31.555
  94 127.620687  50.318117   124.575   124.671  5 55581.24234010 26.121
  95 127.627666  50.319691   124.383   124.370  4 55591.15797943 24.280
  96 127.636245  50.321037   124.567   124.498  5 55601.07361560 18.450
  97 127.641078  50.321194   124.348   124.325  5 55610.98924890 18.865
  98 127.641519  50.320901   124.609   124.553  5 55620.90488052 16.152
  99 127.633659  50.320501   124.244   124.265  5 55630.82053232 18.788
 100 127.629335  50.319708   124.348   124.338  5 55640.73618234 18.561
 101 127.631656  50.320674   126.582   126.903  5 55650.65183066 25.956
 102 127.635617  50.321480   124.183   124.202  4 55660.56747555 25.773
 103 127.635486  50.320807   123.978   123.979  5 55670.48311651 48.434
 104 127.634054  50.321232   124.077   124.126  5 55680.39875589 48.319
 105 127.631579  50.320786   125.569   123.867  5 55690.31439327 24.986
 106 127.629931  50.319321   131.490   133.010  5 55700.23002900 23.581
 107 127.632442  50.320358   181.568   180.380  6 55710.14566896  5.819
 108 127.631468  50.320953   175.982   175.927  5 55720.06131924 14.030
 109 127.626797  50.318938   190.122   190.107  4 55729.97696642 20.014
 110 127.625157  50.319194   124.143   124.192  5 55739.89261281 52.613
 111 127.624190  50.319451   179.172   180.320  5 55749.80825796  8.078
 112 127.625919  50.319907   172.462   172.676  4 55759.72390099 27.408
 113 127.627674  50.318549   172.629   172.700  4 55769.63954089 28.310
 114 127.634930  50.320843   123.683   123.671  5 55779.55517868 50.719
 115 127.638931  50.321120   124.687   124.685  5 55789.47081341 41.796
 116 127.640575  50.321136   123.818   123.737  5 55799.38644684 31.462
 117 127.638778  50.322863   172.827   173.034  3 55809.30209385  4.972
 118 127.633178  50.320627   123.627   123.598  5 55819.21774215 24.685
 119 127.633821  50.320170   123.594   123.586  5 55829.13338696 44.864
 120 127.642979  50.325308   123.886   123.886  2 55839.04902903 36.822
 121 127.639819  50.321068   187.794   187.750  5 55848.96466519 24.582
 122 127.639740  50.321370   123.503   123.533  5 55858.88030020 38.855
 123 127.633958  50.321002   123.308   123.291  5 55868.79594767 51.865
 124 127.626497  50.318246   122.993   122.996  4 55878.71159783 47.194
 125 127.626680  50.318873   123.077   123.117  4 55888.62724268 45.303
 126 127.629377  50.319676   123.944   123.941  4 55898.54288209 32.028
 127 127.634086  50.321282   123.980   123.983  5 55908.45851696 31.532
 128 127.628709  50.319472   123.833   123.866  4 55918.37416513 25.136
 129 127.625413  50.319229   123.491   123.518  4 55928.28981804 23.657
 130 127.625251  50.318996   123.645   123.662  4 55938.20546772 21.391
 131 127.628369  50.319878   123.669   123.720  4 55948.12111296 22.008
 132 127.630368  50.319882   123.786   123.793  5 55958.03675334 22.545
 133 127.632850  50.321242   123.846   123.901  5 55967.95239138 21.494
 134 127.632456  50.320691   123.868   123.837  5 55977.86802779 19.315
 135 127.634134  50.320597   123.932   123.958  6 55987.78366376 18.717
 136 127.637649  50.321628   124.106   124.108  5 55997.69930361 17.992
 137 127.636022  50.321087   123.917   124.010  6 56007.61495438 29.590
 138 127.634479  50.320550   124.030   124.008  6 56017.53060105 31.291
 139 127.631064  50.320052   124.236   124.183  5 56027.44624477 29.514
 140 127.626387  50.318710   123.810   123.813  4 56037.36188674 33.407
 141 127.627218  50.320049   174.186   174.258  4 56047.27752777 26.091
 142 127.626679  50.318464   173.811   173.998  4 56057.19316539 27.504
 143 127.632480  50.319973   123.879   123.842  5 56067.10879976 34.259
 144 127.629825  50.319680   123.888   123.864  5 56077.02444832 42.888
 145 127.625705  50.319263   193.992   194.967  5 56086.94009671  5.166
 146 127.624537  50.319643   189.019   189.142  4 56096.85574296 27.111
 147 127.625454  50.319222   188.202   188.263  4 56106.77138706 22.988
 148 127.630291  50.320143   124.477   124.441  5 56116.68701733 53.469
 149 127.635219  50.320686   123.607   123.697  5 56126.60265544 53.739
 150 127.639349  50.321463   124.164   124.149  5 56136.51828974 51.061
 151 127.635795  50.320387   123.557   123.571  5 56146.43393314 30.366
 152 127.630855  50.319432   123.867   123.847  5 56156.34958222 27.561
 153 127.628819  50.319324   124.733   124.753  5 56166.26523084 35.113
 154 127.631649  50.321148   126.460   125.064  5 56176.18087790 29.186
 155 127.632695  50.320173   125.005   125.015  5 56186.09651933 33.214
 156 127.635257  50.321077   124.600   124.628  5 56196.01215739 36.253
 157 127.634759  50.320896   124.594   124.608  6 56205.92779185 28.779
 158 127.633880  50.320509   178.530   179.896  5 56215.84342461  7.838
 159 127.633551  50.320671   124.449   124.473  5 56225.75906396 51.402
 160 127.631310  50.320770   187.364   186.937  5 56235.67471892 18.889
 161 127.628925  50.319674   123.627   123.634  4 56245.59036983 49.393
 162 127.626002  50.318313   186.705   186.532  4 56255.50601564 19.565
 163 127.625859  50.319826   123.408   123.442  5 56265.42165841 46.011
 164 127.624554  50.319540   124.452   124.527  5 56275.33729915 31.972
 165 127.624841  50.319056   124.875   124.887  4 56285.25294500 24.650
 166 127.626954  50.318976   124.941   124.900  4 56295.16859603 22.287
 167 127.631087  50.320564   124.743   124.748  5 56305.08424331 22.570
 168 127.629997  50.320056   124.541   124.539  4 56314.99988602 21.858
 169 127.626654  50.319490   124.328   124.340  4 56324.91552640 16.868
 170 127.625046  50.319094   124.266   124.275  4 56334.83116605 16.373
 171 127.626687  50.318166   124.332   124.339  4 56344.74680497 16.933
 172 127.634857  50.320529   124.464   124.465  6 56354.66244273 14.688
 173 127.636678  50.320926   126.097   125.338  5 56364.57808749 12.838
 174 127.632247  50.320131   130.543   131.858  5 56374.49373573 13.965
 176 127.620834  50.318704   175.302   173.959  5 56394.32502450 18.540
 177 127.621061  50.318802   124.868   124.917  4 56404.24066670 33.543
 178 127.625814  50.320122   173.455   173.478  5 56414.15630653 20.771
 179 127.632302  50.320717   173.961   173.605  5 56424.07194142 26.810
 180 127.635585  50.324016   125.454   125.454  2 56433.98758763 51.796
 181 127.624225  50.318825   125.321   125.287  5 56443.90323777 32.674
 182 127.619766  50.318424   190.714   190.207  5 56453.81888677 25.551
 183 127.621539  50.319496   125.825   125.877  5 56463.73453380 52.566
 184 127.626171  50.319950   124.235   124.231  4 56473.65017757 52.944
 185 127.632546  50.320900   173.453   173.651  5 56483.56581824 11.644
 186 127.633965  50.320258   174.011   173.689  5 56493.48145497 26.796
 187 127.633936  50.320382   127.070   127.059  5 56503.39708957 37.604
 188 127.635114  50.320634   180.803   178.277  6 56513.31272279 13.859
 189 127.632577  50.319763   178.784   178.578  5 56523.22837204 20.859
 193 127.626388  50.319735   189.865   190.358  5 56562.89095975 17.823
 194 127.623236  50.319894   197.733   200.259  4 56572.80660084  4.607
 195 127.623927  50.319948   173.924   173.595  5 56582.72224015 28.159
 196 127.630127  50.320027   175.507   174.469  5 56592.63787553  7.681
 197 127.629635  50.319278   178.713   176.969  5 56602.55352640  5.042
 198 127.627001  50.318473   123.138   123.135  4 56612.46917534 48.229
 199 127.625530  50.319499   123.516   123.521  5 56622.38482050 41.877
 200 127.624212  50.319640   123.751   123.709  5 56632.30046268 46.131
 201 127.627741  50.320105   124.383   124.375  4 56642.21610107 44.861
 202 127.629371  50.319505   125.716   125.691  5 56652.13175085 39.770
 203 127.632151  50.320728   125.640   125.678  5 56662.04740122 33.736
 204 127.630878  50.320393   125.594   125.654  5 56671.96304784 30.098
 205 127.625829  50.319276   125.457   125.415  5 56681.87869209 30.982
 206 127.624649  50.319844   125.341   125.532  5 56691.79433490 29.391
 207 127.626682  50.319714   125.146   125.114  4 56701.70997398 28.457
 208 127.633721  50.320656   125.128   125.112  5 56711.62560880 25.130
 210 127.627768  50.319092   136.502   135.145  4 56731.45690434 10.920
 211 127.621955  50.318932   124.937   124.882  5 56741.37255176 30.638
 212 127.617475  50.317791   129.514   129.540  4 56751.28819489 24.379
 213 127.620245  50.318529   125.372   125.480  5 56761.20383395 33.863
 214 127.626206  50.318130   124.243   124.243  4 56771.11946639 28.873
 215 127.626192  50.319267   123.837   123.943  5 56781.03512111 30.362
 216 127.623650  50.319671   183.267   188.912  5 56790.95077569  9.982
 217 127.617248  50.317719   181.754   183.438  4 56800.86642633  6.689
 218 127.615288  50.317255   124.800   124.805  5 56810.78207060 30.959
 219 127.619010  50.318537   125.155   125.180  5 56820.69771098 52.915
 221 127.634943  50.321033   123.584   123.556  5 56840.52898131 37.464
 222 127.639226  50.321818   124.534   124.492  5 56850.44461722 30.329
 223 127.631233  50.320035   123.721   123.650  5 56860.36027077 30.552
 224 127.626288  50.320364   183.826   181.900  3 56870.27592428  4.404
 225 127.622254  50.318902   189.804   190.688  5 56880.19157492  9.244
 226 127.622730  50.319185   124.058   124.095  4 56890.10722263 48.783
 227 127.623946  50.320022   123.606   123.608  5 56900.02286761 45.646
 228 127.619679  50.318238   208.853   210.051  4 56909.93850937  3.652
 229 127.617576  50.318079   123.419   123.402  4 56919.85414981 46.489
 230 127.617400  50.317686   123.125   123.080  5 56929.76978822 37.867
 231 127.623354  50.319162   172.166   172.074  5 56939.68542280 27.781
 232 127.627477  50.318577   123.863   123.811  4 56949.60105978 33.823
 233 127.627372  50.319526   123.225   123.243  4 56959.51671224 47.725
 234 127.625369  50.319169   122.834   122.826  4 56969.43235931 45.169
 235 127.625047  50.319292   122.894   122.877  5 56979.34800284 43.454
 236 127.626494  50.319204   123.904   123.850  5 56989.26364212 38.381
 237 127.633547  50.320693   123.996   123.935  5 56999.17927593 30.980
 238 127.632243  50.320070   124.131   124.111  5 57009.09492778 29.160
 239 127.631217  50.320279   124.137   124.175  4 57019.01058050 23.762
 240 127.627175  50.318570   123.953   123.994  4 57028.92622934 21.530
 241 127.625460  50.319198   123.868   123.901  5 57038.84187698 20.651
 242 127.625576  50.320291   123.786   123.765  5 57048.75752243 19.787
 243 127.625367  50.318782   123.958   123.982  4 57058.67316349 20.322
 244 127.630873  50.320623   124.041   124.079  5 57068.58880003 20.937
 245 127.632671  50.319847   123.985   123.948  5 57078.50443158 16.590
 246 127.634632  50.321155   124.030   124.064  5 57088.42006699 18.985
 247 127.625723  50.319695   193.058   193.119  5 57098.33572449  1.173
 248 127.619018  50.317714   124.417   124.386  5 57108.25137919 39.109
 249 127.621305  50.319464   123.728   123.583  5 57118.16703021 22.925
 250 127.622835  50.319119   124.069   124.047  4 57128.08267462 30.883
 251 127.624870  50.319218   172.602   172.472  4 57137.99831357 27.732
 253 127.631891  50.320393   173.486   173.706  5 57157.82958126 26.335
 254 127.631800  50.319829   173.438   173.640  5 57167.74522770 27.874
 255 127.630251  50.319917   124.886   124.816  5 57177.66088360 50.926
 256 127.629893  50.320238   188.612   188.633  4 57187.57653561 21.355
 257 127.627170  50.318858   123.864   123.844  4 57197.49218312 42.151
 258 127.626756  50.319997   123.991   123.950  4 57207.40781778 30.067
 259 127.624049  50.318834   123.633   123.619  5 57217.32346225 33.001
 260 127.629492  50.322913   123.202   123.202  2 57227.23910735 44.621
 261 127.625981  50.318320   123.810   123.809  4 57237.15474803 29.470
 262 127.629962  50.319969   124.456   124.471  5 57247.07038699 50.088
 263 127.632012  50.321082   123.838   123.882  5 57256.98602301 51.103
 264 127.630394  50.320108   123.490   123.402  5 57266.90165702 33.495
 265 127.626022  50.318330   123.083   123.077  4 57276.81730203 38.377
 266 127.625260  50.319707   123.251   123.258  5 57286.73295869 51.053
 268 127.625664  50.319803   124.016   124.023  4 57306.56426237 31.065
 269 127.622798  50.318732   172.593   172.163  5 57316.47990825 24.638
 270 127.620701  50.318940   123.190   123.213  5 57326.39555132 47.654
 271 127.619752  50.318143   122.658   122.666  5 57336.31119236 45.345
 272 127.620987  50.318233   123.052   123.123  5 57346.22683985 40.356
 273 127.625509  50.320108   123.369   123.323  5 57356.14248809 31.958
 274 127.626977  50.319360   123.423   123.503  5 57366.05813189 26.829
 275 127.628039  50.319598   123.376   123.368  4 57375.97377236 22.684
 276 127.628457  50.320153   123.417   123.407  4 57385.88941079 22.277
 277 127.628082  50.318900   123.529   123.521  4 57395.80504817 21.510
 278 127.633987  50.321169   123.528   123.546  5 57405.72068569 21.238
 279 127.634051  50.321087   123.580   123.563  5 57415.63633478 21.376
 280 127.629827  50.319442   123.591   123.600  5 57425.55198524 21.282
 281 127.625585  50.319780   123.484   123.513  4 57435.46763319 23.982
 282 127.618811  50.318202   123.476   123.432  5 57445.38327900 22.664
 283 127.615031  50.316858   123.077   123.103  5 57455.29892441 22.724
 284 127.618083  50.317614   123.655   123.656  5 57465.21456882 33.540
 285 127.626261  50.319162   123.897   123.732  5 57475.13021001 38.579
 286 127.632603  50.320036   124.565   124.573  5 57485.04584737 30.466
 287 127.636335  50.321538   173.227   172.784  5 57494.96148177 21.159
 288 127.636166  50.321013   123.850   123.871  5 57504.87711352 50.206
 289 127.627957  50.318926   123.945   123.939  3 57514.79276864 26.449
 290 127.628159  50.319712   124.821   124.854  4 57524.70842272 48.954
 291 127.630463  50.319826   137.269   135.863  5 57534.62407458 15.010
 292 127.632267  50.320579   188.778   189.301  5 57544.53972357 21.753
 293 127.628859  50.319501   180.682   181.325  4 57554.45536961  7.412
 294 127.625838  50.319926   124.341   124.257  5 57564.37101458 37.909
 295 127.623248  50.319401   125.650   125.659  4 57574.28665890 33.151
 296 127.624407  50.319650   125.802   125.802  4 57584.20230328 42.478
 297 127.627294  50.320054   124.941   124.940  4 57594.11794583 50.827
