-187902.945   362.601     0.00    3.67
-187616.820   365.426     9.88   13.83
-187330.716   372.657    25.28   24.87
-187044.635   382.405    34.08   36.76
-186758.576   398.490    56.24   49.63
-186472.539   416.072    61.48   54.85
-186186.525   434.397    64.08   55.03
-185900.532   452.395    62.94   58.44
-185614.562   475.429    80.56   61.40
-185328.614   498.155    79.49   62.17
-185042.688   512.048    48.60   63.18
-184756.784   527.119    52.72   61.35
-184470.902   543.008    55.59   55.51
-184185.043   551.048    28.13   51.03
-183899.205   555.671    16.18   49.73
-183613.390   560.342    16.34   45.80
-183327.597   564.699    15.25   42.90
-183041.826   572.106    25.92   39.68
-182756.077   578.555    22.57   41.79
-182470.350   580.819     7.93   45.62
-182184.645   577.175   -12.76   50.75
-181898.962   570.230   -24.31   52.44
-181613.302   559.690   -36.90   52.99
-181327.663   542.589   -59.88   47.22
-181042.047   521.575   -73.59   37.86
-180756.452   505.130   -57.59   32.97
-180470.880   496.542   -30.08   31.68
-180185.330   494.263    -7.98   34.04
-179899.801   494.422     0.56   35.78
-179614.295   497.597    11.12   36.22
-179328.811   507.475    34.61   36.30
-179043.349   521.656    49.69   35.68
-178757.909   536.558    52.21   38.42
-178472.491   556.421    69.60   53.06
-178187.095   582.830    92.55   71.32
-177901.721   613.397   107.13   78.39
-177616.369   639.853    92.73   72.32
-177331.039   656.694    59.03   64.38
-177045.731   664.937    28.90   62.95
-176760.445   665.837     3.15   66.23
-176475.181   649.108   -58.65   74.60
-176189.939   628.792   -71.24   76.25
-175904.719   611.682   -60.00   76.74
-175619.521   595.430   -56.99   73.02
-175334.344   581.219   -49.84   71.40
-175049.190   575.130   -21.36   69.19
-174764.058   579.199    14.27   78.99
-174478.948   587.030    27.47   82.01
-174193.859   587.470     1.54   78.17
-173908.793   576.130   -39.78   72.51
-173623.749   559.656   -57.80   72.78
-173338.726   538.522   -74.16   79.66
-173053.726   507.734  -108.04   76.05
-172768.747   480.395   -95.95   63.31
-172483.790   463.363   -59.78   56.68
-172198.855   450.331   -45.74   50.53
-171912.940   446.814   -12.30   51.56
-171623.205   445.685    -3.90   52.85
-171333.492   446.128     1.53   54.43
-171043.803   438.926   -24.87   55.64
-170754.136   429.102   -33.92   57.90
-170464.492   419.972   -31.53   58.28
-170174.872   412.151   -27.01   56.29
-169885.274   403.219   -30.85   49.41
-169595.699   395.972   -25.03   39.38
-169306.148   390.128   -20.18   22.42
-169016.619   398.351    28.41   25.77
-168727.113   411.678    46.04   28.78
-168437.630   425.946    49.29   29.36
-168148.170   441.746    54.59   32.91
-167858.734   459.275    60.57   40.89
-167569.319   479.102    68.52   50.49
-167279.928   500.468    73.84   60.91
-166990.560   524.567    83.29   73.05
-166701.215   534.211    33.34   87.04
-166411.892   531.253   -10.23   98.14
-166122.593   510.491   -71.77  109.60
-165833.316   492.364   -62.67  112.98
-165544.063   467.308   -86.63  109.34
-165254.832   438.018  -101.28   97.98
-164965.624   405.506  -112.43   64.65
-164676.439   387.517   -62.21   37.69
-164387.277   383.231   -14.82   25.34
-164098.137   387.524    14.85   26.14
-163809.021   400.616    45.29   40.58
-163519.927   419.130    64.05   55.75
-163230.856   445.797    92.26   72.23
-162941.809   481.308   122.87   86.68
-162652.783   511.697   105.16   88.39
-162363.781   549.495   130.81   89.65
-162074.802   592.534   148.96   95.77
-161785.845   620.939    98.31   93.07
-161496.911   640.453    67.55   84.51
-161208.000   654.229    47.69   80.02
-160919.112   661.975    26.81   81.37
-160630.246   667.819    20.24   88.11
-160341.404   661.564   -21.66   88.00
-160052.584   639.550   -76.23   82.01
-159763.787   619.352   -69.95   73.59
-159475.012   607.653   -40.52   71.87
-159186.261   600.023   -26.43   72.06
-158897.532   588.619   -39.50   74.87
-158608.826   572.155   -57.04   77.97
-158320.143   555.971   -56.07   71.68
-158031.482   549.396   -22.78   69.08
-157742.844   546.297   -10.74   65.02
-157454.229   547.997     5.89   61.75
-157165.637   546.837    -4.02   58.66
-156877.067   545.899    -3.25   53.61
-156588.520   542.717   -11.03   45.06
-156299.996   551.115    29.11   48.16
-156011.494   566.608    53.71   57.41
-155723.015   582.164    53.93   63.30
-155434.559   597.263    52.35   67.24
-155146.126   621.653    84.57   73.68
-154857.715   653.477   110.36   84.21
-154569.327   689.488   124.89   92.71
-154280.961   730.101   140.86   91.92
-153992.619   765.775   123.74   84.43
-153704.298   790.486    85.72   75.60
-153416.001   807.453    58.86   69.88
-153127.726   820.791    46.27   68.87
-152839.474   829.263    29.39   70.09
-152551.244   832.735    12.05   70.03
-152263.037   842.434    33.66   70.00
-151974.853   862.331    69.05   74.54
-151686.691   885.086    78.98   76.92
-151398.552   902.708    61.17   75.25
-151110.436   915.535    44.53   77.79
-150822.342   922.540    24.32   84.27
-150534.271   915.519   -24.38   99.23
-150246.222   900.262   -52.98  112.42
-149958.196   874.410   -89.77  118.09
-149670.192   850.119   -84.35  118.06
-149382.211   825.753   -84.62  119.49
-149094.253   797.533   -98.01  115.54
-148806.317   766.894  -106.42  110.75
-148518.404   726.645  -139.81  109.07
-148230.513   689.701  -128.34   99.90
-147942.645   643.400  -160.86   80.20
-147654.799   611.286  -111.58   64.57
-147366.976   584.419   -93.35   55.94
-147079.176   564.864   -67.96   51.48
-146791.398   546.047   -65.40   47.64
-146503.642   530.630   -53.58   48.97
-146215.909   512.164   -64.19   47.89
-145928.199   491.994   -70.11   48.44
-145640.511   474.103   -62.19   50.81
-145352.845   466.208   -27.45   50.45
-145065.202   462.397   -13.25   49.82
-144777.582   461.173    -4.26   53.79
-144489.984   469.492    28.93   65.72
-144202.408   482.544    45.39   75.59
-143914.855   501.353    65.42   87.66
-143627.324   527.158    89.76   88.02
-143339.816   538.454    39.29   79.41
-143052.330   536.864    -5.53   71.74
-142764.867   526.530   -35.95   65.34
-142477.426   504.998   -74.92   61.04
-142190.008   487.975   -59.23   56.07
-141902.612   475.769   -42.48   56.16
-141615.238   465.610   -35.35   57.93
-141327.887   464.252    -4.73   62.76
-141040.558   463.942    -1.08   65.38
-140753.252   467.786    13.38   70.72
-140465.968   474.791    24.39   75.93
-140178.707   486.250    39.90   81.24
-139891.467   500.196    48.56   76.67
-139604.251   506.615    22.35   65.88
-139317.056   502.699   -13.64   66.90
-139029.884   478.197   -85.33   87.99
-138742.735   446.781  -109.42   97.36
-138455.607   421.913   -86.62   90.85
-138168.502   409.544   -43.09   74.62
-137881.420   409.308    -0.82   68.73
-137594.360   408.164    -3.99   66.91
-137307.322   405.397    -9.64   75.07
-137020.306   398.263   -24.86   81.59
-136733.313   373.742   -85.45   85.49
-136446.342   343.693  -104.72   79.96
-136159.394   318.475   -87.89   55.55
-135872.467   310.830   -26.65   40.82
-135585.563   320.151    32.49   51.20
-135298.682   347.486    95.29   67.96
-135011.822   383.847   126.77   76.56
-134724.985   404.075    70.53   71.68
-134438.171   408.588    15.74   67.37
-134151.378   404.868   -12.97   67.33
-133864.608   397.429   -25.94   65.90
-133577.860   385.086   -43.05   60.45
-133291.134   368.432   -58.09   44.24
-133004.431   363.600   -16.85   29.91
-132717.750   374.353    37.51   34.73
-132431.091   392.891    64.68   47.89
-132144.454   411.330    64.34   58.26
-131857.840   428.023    58.25   64.75
-131571.248   443.975    55.67   66.86
-131284.678   458.726    51.48   67.38
-130998.130   470.113    39.74   64.78
-130711.604   481.776    40.71   60.79
-130425.101   486.875    17.80   57.39
-130138.620   495.875    31.42   58.32
-129852.161   511.287    53.81   61.95
-129565.724   528.542    60.24   64.47
-129279.310   549.722    73.96   70.90
-128992.917   572.739    80.38   78.95
-128706.547   596.553    83.17   81.58
-128420.199   610.782    49.69   75.62
-128133.873   618.026    25.30   77.06
-127847.570   628.122    35.27   88.76
-127561.288   639.342    39.20  100.51
-127275.029   617.924   -74.83  119.20
-126988.791   584.069  -118.29  130.63
-126702.576   554.490  -103.36  126.43
-126416.383   537.588   -59.06  115.63
-126130.213   533.972   -12.64  102.29
-125844.064   530.144   -13.38   93.84
-125557.937   552.786    79.14  110.66
-125271.833   593.994   144.04  129.87
-124985.750   635.374   144.66  119.25
-124699.690   657.363    76.88  103.71
-124413.652   666.958    33.55  100.51
-124127.636   680.803    48.41  107.33
-123841.642   692.352    40.38  115.10
-123555.670   696.462    14.38  120.87
-123269.720   692.791   -12.84  121.40
-122983.793   707.735    52.27  123.06
-122697.887   730.001    77.89  115.52
-122412.003   746.696    58.40  110.42
-122126.142   761.631    52.25  105.70
-121840.302   782.190    71.93  108.14
-121554.485   814.537   113.18  112.21
-121268.689   843.852   102.58  109.51
-120982.916   864.443    72.06   91.01
-120697.164   865.847     4.92   91.74
-120411.435   854.430   -39.96  101.20
-120125.728   832.635   -76.30  114.60
-119840.042   802.341  -106.05  116.09
-119554.379   773.792   -99.95  103.83
-119268.738   756.189   -61.63   92.68
-118983.118   738.935   -60.42   95.12
-118697.521   722.497   -57.56   97.87
-118411.945   687.208  -123.58   99.32
-118126.392   649.297  -132.78  102.66
-117840.861   611.928  -130.89  109.21
-117555.351   584.113   -97.43  110.58
-117269.864   559.591   -85.90  108.52
-116984.398   536.836   -79.72   90.07
-116698.955   523.242   -47.63   82.40
-116413.533   523.078    -0.57   85.92
-116128.133   523.760     2.39   87.64
-115842.756   522.341    -4.97   86.49
-115557.400   518.432   -13.70   82.94
-115272.066   511.679   -23.67   83.46
-114986.754   499.775   -41.73   89.12
-114701.464   480.446   -67.76   91.70
-114416.196   454.454   -91.12   84.61
-114130.949   426.230   -98.95   71.35
-113845.725   398.649   -96.71   63.60
-113560.523   374.387   -85.08   61.96
-113275.342   355.607   -65.86   59.95
-112990.183   347.837   -27.25   56.08
-112705.046   343.364   -15.69   56.26
-112419.932   338.738   -16.23   61.76
-112134.838   329.956   -30.81   64.99
-111849.767   322.971   -24.50   59.70
-111564.718   323.575     2.12   59.08
-111279.690   328.286    16.53   60.43
-110994.685   341.013    44.66   63.64
-110709.701   358.158    60.17   65.99
-110424.739   378.013    69.68   54.49
-110139.799   385.630    26.73   45.24
-109852.654   388.081     8.54   43.97
-109562.910   382.600   -18.92   44.23
-109273.188   370.499   -41.77   49.51
-108983.489   361.252   -31.92   48.23
-108693.814   355.967   -18.25   48.55
-108404.161   354.691    -4.40   47.89
-108114.531   345.656   -31.20   48.30
-107824.923   332.515   -45.38   47.48
-107535.339   319.308   -45.61   51.36
-107245.778   301.297   -62.21   50.81
-106956.239   282.064   -66.43   43.07
-106666.723   269.842   -42.22   36.41
-106377.230   260.454   -32.43   32.71
-106087.760   255.933   -15.62   33.90
-105798.313   255.252    -2.35   34.94
-105508.889   257.881     9.09   37.83
-105219.487   261.797    13.53   39.38
-104930.109   262.908     3.84   40.68
-104640.753   258.759   -14.34   47.41
-104351.420   247.674   -38.31   54.59
-104062.110   231.286   -56.65   59.01
-103772.822   216.608   -50.74   60.38
-103483.558   201.764   -51.32   57.04
-103194.316   188.830   -44.72   48.91
-102905.097   177.711   -38.45   37.43
-102615.901   172.667   -17.44   31.79
-102326.727   171.770    -3.10   32.25
-102037.576   173.641     6.47   32.76
-101748.448   173.926     0.99   29.96
-101459.343   171.572    -8.14   24.92
-101170.261   168.493   -10.65   20.23
-100881.201   163.997   -15.56   16.61
-100592.164   159.631   -15.11   13.14
-100303.150   155.045   -15.87   11.38
-100014.159   150.559   -15.52   11.09
 -99725.190   145.218   -18.48   10.26
 -99436.244   140.488   -16.37   10.31
 -99147.320   135.830   -16.12   10.43
 -98858.420   130.814   -17.37   10.27
 -98569.542   126.330   -15.52    8.87
 -98280.687   122.091   -14.68    7.41
 -97991.854   118.997   -10.71    6.17
 -97703.044   116.287    -9.38    4.95
 -97414.257   114.619    -5.77    3.81
 -97125.493   113.949    -2.32    3.67
 -96836.751   113.533    -1.44    3.89
 -96548.032   113.108    -1.47    4.16
 -96259.335   112.591    -1.79    4.48
 -95970.661   111.965    -2.17    4.63
 -95682.010   111.061    -3.13    4.49
 -95393.382   109.613    -5.02    4.13
 -95104.776   108.495    -3.87    3.79
 -94816.193   111.045     8.84   14.59
 -94527.632   122.457    39.55   31.81
 -94239.094   129.886    25.75   33.27
 -93950.578   132.730     9.86   32.60
 -93662.086   133.287     1.93   32.02
 -93373.615   133.689     1.39   31.87
 -93085.168   134.972     4.45   31.76
 -92796.743   130.364   -15.98   27.85
 -92508.340   131.553     4.12   28.62
 -92219.960   143.528    41.53   39.56
 -91931.603   164.133    71.46   49.88
 -91643.268   183.462    67.04   51.14
 -91354.956   205.986    78.13   54.86
 -91066.667   224.899    65.61   53.86
 -90778.400   237.519    43.78   48.98
 -90490.155   244.899    25.60   43.88
 -90201.933   241.664   -11.23   46.53
 -89913.734   234.086   -26.30   52.27
 -89625.557   217.199   -58.61   54.56
 -89337.403   194.230   -79.71   46.25
 -89049.271   176.780   -60.57   38.79
 -88761.161   163.626   -45.66   30.26
 -88473.074   155.412   -28.51   23.11
 -88185.010   150.825   -15.93   17.77
 -87896.968   150.668    -0.54   13.98
 -87608.949   153.434     9.60   14.53
 -87320.952   158.387    17.20   16.22
 -87032.978   162.630    14.74   16.50
 -86745.026   167.586    17.21   16.56
 -86457.096   173.722    21.31   16.69
 -86169.189   179.180    18.96   16.74
 -85881.305   182.158    10.35   17.54
 -85593.443   181.515    -2.24   19.82
 -85305.603   182.087     1.99   20.06
 -85017.786   185.480    11.79   20.17
 -84729.991   192.603    24.75   23.52
 -84442.219   200.575    27.70   28.03
 -84154.469   210.690    35.16   33.60
 -83866.742   229.740    66.21   45.85
 -83579.037   254.819    87.18   55.21
 -83291.354   277.683    79.48   61.26
 -83003.694   293.990    56.69   65.63
 -82716.056   302.802    30.64   64.61
 -82428.441   304.853     7.13   62.73
 -82140.847   308.072    11.19   61.33
 -81853.277   313.971    20.51   62.61
 -81565.728   324.477    36.54   67.27
 -81278.203   338.956    50.36   74.94
 -80990.699   351.549    43.81   80.69
 -80703.218   350.343    -4.20   86.89
 -80415.759   333.503   -58.58   97.42
 -80128.322   305.699   -96.74  100.41
 -79840.908   274.515  -108.51   93.82
 -79553.516   249.162   -88.22   85.94
 -79266.147   226.001   -80.60   75.61
 -78978.800   202.847   -80.58   65.14
 -78691.475   181.433   -74.54   58.77
 -78404.172   165.592   -55.14   53.81
 -78116.892   147.598   -62.64   44.23
 -77829.634   130.228   -60.47   38.22
 -77542.399   112.978   -60.06   34.72
 -77255.185    99.081   -48.39   29.60
 -76967.994    86.422   -44.08   22.41
 -76680.825    77.297   -31.78   16.86
 -76393.679    70.251   -24.54   12.84
 -76106.555    64.160   -21.21   10.21
 -75819.453    59.785   -15.24    9.23
 -75532.373    55.354   -15.44    8.69
 -75245.316    51.399   -13.78    8.51
 -74958.281    47.009   -15.29    8.32
 -74671.268    42.944   -14.16    8.55
 -74384.277    38.567   -15.26    8.12
 -74097.308    35.172   -11.83    7.59
 -73810.362    32.240   -10.22    6.23
 -73523.438    29.785    -8.56    4.24
 -73236.536    28.399    -4.83    2.52
 -72949.657    28.112    -1.00    2.18
 -72662.799    28.103    -0.03    2.43
 -72375.964    28.101    -0.01    2.64
 -72089.151    28.319     0.76    2.74
 -71802.361    28.103    -0.75    2.70
 -71515.592    28.103     0.00    2.55
 -71228.846    27.956    -0.52    2.44
 -70942.121    27.803    -0.53    2.38
 -70655.419    28.172     1.29    2.32
 -70368.739    28.561     1.36    2.16
 -70082.082    28.963     1.40    1.98
 -69795.446    29.075     0.39    2.06
 -69508.832    28.952    -0.43    1.91
 -69222.241    28.411    -1.89    2.12
 -68935.672    27.713    -2.44    2.49
 -68649.125    27.319    -1.37    2.53
 -68362.600    26.803    -1.80    2.64
 -68076.097    26.733    -0.24    2.82
 -67789.617    26.876     0.50    2.99
 -67503.158    27.005     0.45    3.16
 -67216.721    27.456     1.57    3.34
 -66930.307    27.492     0.13    3.46
 -66643.915    27.728     0.83    3.32
 -66357.545    28.228     1.75    3.58
 -66071.196    29.297     3.73    4.22
 -65784.870    31.058     6.15    5.70
 -65498.566    33.763     9.45    8.80
 -65212.285    36.808    10.64   10.76
 -64926.025    40.446    12.71   11.82
 -64639.787    45.172    16.51   12.91
 -64353.571    49.424    14.86   13.38
 -64067.378    53.524    14.33   14.43
 -63781.206    57.158    12.70   16.17
 -63495.056    61.758    16.07   19.56
 -63208.929    65.297    12.37   20.99
 -62922.823    69.140    13.43   20.36
 -62636.740    75.756    23.13   21.49
 -62350.678    83.433    26.84   22.72
 -62064.639    94.529    38.79   28.32
 -61778.621   108.478    48.78   31.94
 -61492.626   121.457    45.38   33.16
 -61206.652   132.524    38.70   32.19
 -60920.700   143.058    36.84   29.77
 -60634.771   148.569    19.28   28.39
 -60348.863   150.047     5.17   30.49
 -60062.978   148.218    -6.40   35.38
 -59777.114   148.888     2.34   41.87
 -59491.272   150.998     7.38   46.47
 -59205.453   152.447     5.07   47.28
 -58919.655   153.098     2.28   44.44
 -58633.879   146.751   -22.21   43.03
 -58348.125   134.740   -42.04   43.16
 -58062.393   119.228   -54.29   42.98
 -57776.683   104.501   -51.55   38.72
 -57490.995    93.956   -36.91   32.30
 -57205.329    88.089   -20.54   25.32
 -56919.684    89.035     3.31   23.86
 -56634.062    98.871    34.44   31.00
 -56348.462   115.138    56.96   37.05
 -56062.883   136.436    74.58   44.32
 -55777.326   155.263    65.93   45.49
 -55491.791   174.906    68.80   48.23
 -55206.278   190.465    54.50   45.29
 -54920.787   202.740    43.00   41.61
 -54635.318   211.555    30.88   38.70
 -54349.871   219.664    28.41   34.05
 -54064.445   221.434     6.20   31.65
 -53779.042   219.181    -7.89   32.39
 -53493.660   213.251   -20.78   33.23
 -53208.300   208.733   -15.83   37.78
 -52922.962   207.482    -4.38   40.95
 -52637.646   207.888     1.42   43.26
 -52352.351   201.949   -20.82   39.89
 -52067.079   197.286   -16.34   39.41
 -51781.828   193.196   -14.34   38.04
 -51496.599   188.342   -17.02   36.82
 -51211.392   178.529   -34.41   38.11
 -50926.206   162.308   -56.88   36.69
 -50641.043   145.411   -59.25   33.91
 -50355.901   133.238   -42.69   31.18
 -50070.781   123.040   -35.77   21.96
 -49785.683   121.547    -5.24   24.02
 -49500.606   125.634    14.34   32.54
 -49215.552   131.230    19.63   37.13
 -48930.519   135.140    13.72   38.86
 -48645.508   136.193     3.70   39.66
 -48360.518   131.412   -16.78   40.87
 -48075.551   121.715   -34.03   40.76
 -47787.102   110.040   -40.47   38.01
 -47497.371    94.633   -53.18   31.75
 -47207.664    82.691   -41.22   23.72
 -46917.978    73.422   -32.00   15.69
 -46628.316    67.758   -19.55    9.14
 -46338.676    64.808   -10.18    6.87
 -46049.060    63.499    -4.52    7.91
 -45759.466    61.894    -5.54    8.88
 -45469.894    60.308    -5.48   10.47
 -45180.346    57.784    -8.72    9.92
 -44890.820    56.009    -6.13    9.54
 -44601.317    53.575    -8.41    6.48
 -44311.837    52.122    -5.02    4.96
 -44022.380    51.676    -1.54    6.14
 -43732.945    52.092     1.44    9.01
 -43443.533    53.264     4.05   13.38
 -43154.144    53.432     0.58   14.80
 -42864.777    54.595     4.02   17.37
 -42575.433    54.610     0.05   18.17
 -42286.112    54.021    -2.04   17.98
 -41996.814    53.027    -3.43   17.36
 -41707.538    51.876    -3.98   16.68
 -41418.285    50.354    -5.26   15.30
 -41129.055    49.050    -4.51   12.31
 -40839.847    49.042    -0.03   13.82
 -40550.662    49.089     0.16   15.49
 -40261.500    48.830    -0.89   16.48
 -39972.360    48.764    -0.23   18.42
 -39683.243    47.144    -5.60   17.89
 -39394.149    44.748    -8.29   16.92
 -39105.078    41.164   -12.40   14.45
 -38816.029    37.928   -11.19   11.80
 -38527.002    36.023    -6.59   11.28
 -38237.998    33.275    -9.51    9.28
 -37949.017    30.397    -9.96    5.83
 -37660.059    28.342    -7.11    3.64
 -37371.123    27.083    -4.36    2.43
 -37082.210    26.072    -3.50    1.65
 -36793.319    25.197    -3.03    1.79
 -36504.451    24.319    -3.04    1.79
 -36215.605    23.484    -2.89    1.93
 -35926.783    22.548    -3.24    2.02
 -35637.982    21.660    -3.07    1.90
 -35349.205    20.809    -2.95    1.82
 -35060.449    19.946    -2.99    1.84
 -34771.717    19.130    -2.82    1.68
 -34483.007    18.400    -2.53    1.59
 -34194.319    17.699    -2.43    1.65
 -33905.654    16.975    -2.51    1.60
 -33617.012    16.319    -2.27    1.50
 -33328.392    15.769    -1.91    1.47
 -33039.795    15.138    -2.19    1.34
 -32751.220    14.660    -1.65    1.32
 -32462.668    14.262    -1.38    1.21
 -32174.138    13.853    -1.42    1.29
 -31885.631    13.553    -1.04    1.28
 -31597.146    13.173    -1.32    1.27
 -31308.684    12.726    -1.55    1.32
 -31020.244    12.475    -0.87    1.40
 -30731.827    12.147    -1.14    1.42
 -30443.432    12.064    -0.29    1.55
 -30155.060    11.819    -0.85    1.68
 -29866.710    11.773    -0.16    1.83
 -29578.383    11.365    -1.41    1.94
 -29290.078    11.133    -0.80    2.04
 -29001.795    10.726    -1.41    2.01
 -28713.535    10.240    -1.69    2.00
 -28425.298     9.679    -1.95    2.03
 -28137.083     9.172    -1.76    1.95
 -27848.890     9.690     1.80    3.60
 -27560.720    11.733     7.09    6.89
 -27272.572    15.558    13.27   10.95
 -26984.447    20.401    16.81   13.78
 -26696.344    25.110    16.35   15.14
 -26408.263    29.436    15.02   14.78
 -26120.205    32.388    10.25   13.31
 -25832.169    33.273     3.07   12.01
 -25544.156    32.649    -2.17    9.70
 -25256.165    31.701    -3.29    7.13
 -24968.196    31.206    -1.72    5.09
 -24680.250    31.910     2.45    5.10
 -24392.326    33.963     7.13    7.10
 -24104.424    37.110    10.93    9.84
 -23816.545    41.552    15.43   12.55
 -23528.688    48.261    23.31   15.85
 -23240.854    54.529    21.78   15.04
 -22953.042    58.505    13.82   12.96
 -22665.252    60.726     7.72   11.43
 -22377.485    60.422    -1.06   11.21
 -22089.739    57.997    -8.43   12.57
 -21802.017    54.442   -12.36   12.75
 -21514.316    50.050   -15.27   10.14
 -21226.638    47.519    -8.80    8.62
 -20938.982    46.308    -4.21    8.30
 -20651.348    44.814    -5.20    8.57
 -20363.737    44.285    -1.84    9.09
 -20076.148    43.687    -2.08    9.70
 -19788.581    41.193    -8.67   10.75
 -19501.037    36.197   -17.37   12.45
 -19213.515    31.319   -16.97   12.47
 -18926.015    26.908   -15.34   12.36
 -18638.537    22.870   -14.05   11.96
 -18351.082    18.375   -15.64    8.36
 -18063.648    15.208   -11.02    3.86
 -17776.237    13.517    -5.88    2.07
 -17488.849    12.836    -2.37    1.59
 -17201.482    12.297    -1.87    1.54
 -16914.138    11.946    -1.22    1.47
 -16626.816    11.770    -0.61    1.34
 -16339.516    11.759    -0.04    1.28
 -16052.239    11.853     0.33    1.26
 -15764.983    12.024     0.60    1.31
 -15477.750    12.106     0.29    1.26
 -15190.539    12.038    -0.23    1.26
 -14903.350    11.803    -0.82    1.38
 -14616.184    11.630    -0.60    1.52
 -14329.039    11.275    -1.24    1.67
 -14041.917    10.508    -2.67    1.87
 -13754.817     9.667    -2.93    2.24
 -13467.739     8.764    -3.15    2.36
 -13180.683     7.997    -2.67    2.21
 -12893.649     7.341    -2.28    1.94
 -12606.638     6.735    -2.11    1.48
 -12319.648     6.308    -1.49    1.13
 -12032.681     6.162    -0.51    1.08
 -11745.736     6.027    -0.47    1.15
 -11458.813     5.853    -0.61    1.21
 -11171.912     5.737    -0.40    1.18
 -10885.034     5.642    -0.33    1.14
 -10598.177     6.001     1.25    1.67
 -10311.342     6.682     2.38    2.33
 -10024.530     7.473     2.76    3.09
  -9737.740     7.961     1.70    3.08
  -9450.971     7.786    -0.61    3.33
  -9164.225     7.638    -0.52    3.51
  -8877.501     6.865    -2.70    4.08
  -8590.799     5.672    -4.16    4.15
  -8304.119     4.578    -3.82    3.78
  -8017.461     3.451    -3.93    2.64
  -7730.825     3.153    -1.04    2.46
  -7444.211     3.408     0.89    2.48
  -7157.620     3.586     0.62    2.36
  -6871.050     3.864     0.97    2.20
  -6584.502     4.023     0.55    2.13
  -6297.977     4.264     0.84    1.77
  -6011.473     4.353     0.31    1.92
  -5724.991     4.253    -0.35    2.12
  -5438.532     4.297     0.15    2.24
  -5152.094     4.533     0.82    2.34
  -4865.679     4.764     0.81    2.45
  -4579.285     5.208     1.55    1.94
  -4292.913     5.679     1.64    1.59
  -4006.564     5.027    -2.28    2.34
  -3720.236     4.206    -2.87    3.11
  -3433.930     3.342    -3.02    3.32
  -3147.647     2.949    -1.38    3.51
  -2861.385     2.630    -1.11    3.52
  -2575.145     2.708     0.27    3.45
  -2288.927     3.286     2.02    3.39
  -2002.731     4.451     4.07    2.93
  -1716.557     5.319     3.03    2.13
  -1430.405     5.397     0.27    1.68
  -1144.275     4.831    -1.98    2.44
   -858.167     3.952    -3.07    3.01
   -572.081     2.998    -3.33    3.36
   -286.017     1.672    -4.63    3.03
      0.026     0.584    -3.80    2.50
    286.046    -0.117    -2.45    1.95
    572.045     4.274    15.35   14.31
    858.022    15.387    38.86   29.94
   1143.976    30.769    53.79   41.02
   1429.909    50.499    69.00   48.15
   1715.820    71.881    74.79   49.02
   2001.710    88.847    59.35   40.30
   2287.577    98.538    33.90   28.58
   2573.422    99.963     4.99   25.00
   2859.246    94.424   -19.38   26.68
   3145.048    84.319   -35.36   29.54
   3430.828    70.688   -47.70   27.90
   3716.586    58.680   -42.02   22.92
   4002.322    50.982   -26.94   16.62
   4288.036    47.296   -12.90   13.26
   4573.729    47.092    -0.72   12.86
   4859.399    49.207     7.40   13.88
   5145.048    52.185    10.42   13.80
   5430.675    54.853     9.34   11.78
   5716.281    56.529     5.87    9.72
   6001.864    56.180    -1.22    8.09
   6287.426    54.505    -5.86    7.31
   6572.966    51.605   -10.16    7.07
   6858.484    48.105   -12.26    6.00
   7143.980    45.029   -10.78    5.44
   7429.455    42.284    -9.61    5.13
   7714.908    39.738    -8.92    5.28
   8000.339    37.239    -8.76    5.17
   8285.748    34.600    -9.25    4.74
   8571.136    32.353    -7.88    4.59
   8856.501    30.319    -7.13    4.33
   9141.846    28.262    -7.21    4.22
   9427.168    26.238    -7.09    3.92
   9712.468    24.645    -5.58    3.87
   9997.747    23.180    -5.14    3.62
  10283.004    21.765    -4.96    3.07
  10568.240    20.761    -3.52    3.02
  10853.454    21.110     1.22    3.72
  11138.646    21.947     2.94    4.64
  11423.816    23.308     4.77    5.42
  11708.964    25.638     8.17    5.88
  11994.091    28.196     8.97    6.20
  12279.197    31.308    10.92    6.28
  12564.280    34.001     9.45    6.52
  12849.342    36.715     9.52    6.92
  13134.382    39.261     8.93    6.65
  13419.401    41.598     8.20    6.13
  13704.398    43.982     8.36    5.49
  13989.373    45.844     6.53    5.23
  14279.110    47.157     4.53    4.66
  14568.836    47.261     0.36    4.40
  14858.540    46.657    -2.09    4.64
  15148.221    45.434    -4.22    4.65
  15437.879    44.135    -4.48    4.62
  15727.515    42.433    -5.88    4.53
  16017.128    40.649    -6.16    4.30
  16306.718    38.710    -6.69    4.96
  16596.286    36.940    -6.11    5.10
  16885.831    34.947    -6.88    4.94
  17175.353    32.994    -6.75    4.31
  17464.853    31.178    -6.27    3.08
  17754.330    29.795    -4.78    2.23
  18043.785    29.013    -2.70    1.84
  18333.216    28.549    -1.60    1.58
  18622.626    28.273    -0.95    1.48
  18912.012    28.038    -0.81    1.50
  19201.376    27.715    -1.12    1.61
  19490.718    27.364    -1.21    1.68
  19780.036    27.069    -1.02    1.68
  20069.332    26.728    -1.18    1.72
  20358.606    26.451    -0.96    1.84
  20647.857    26.023    -1.48    1.92
  20937.085    25.616    -1.41    1.95
  21226.291    25.264    -1.22    1.67
  21515.475    24.968    -1.03    1.49
  21804.635    24.553    -1.44    1.45
  22093.773    24.197    -1.23    1.42
  22382.889    24.100    -0.34    1.23
  22671.982    23.836    -0.91    1.36
  22961.053    23.524    -1.08    1.47
  23250.101    23.024    -1.73    1.89
  23539.126    22.308    -2.48    2.55
  23828.129    21.206    -3.81    3.20
  24117.110    19.853    -4.68    4.01
  24406.068    18.353    -5.19    4.30
  24695.003    17.364    -3.42    4.12
  24983.916    16.680    -2.37    3.77
  25272.806    16.710     0.11    3.97
  25561.674    17.029     1.10    4.38
  25850.520    17.738     2.46    4.88
  26139.343    18.482     2.58    4.92
  26428.143    19.226     2.58    4.61
  26716.921    19.641     1.44    4.31
  27005.677    19.819     0.62    4.00
  27294.410    19.803    -0.06    3.80
  27583.120    19.524    -0.96    3.34
  27871.809    19.630     0.37    3.20
  28160.474    20.032     1.39    2.96
  28449.118    20.768     2.55    2.94
  28737.739    21.587     2.84    3.00
  29026.337    22.471     3.06    2.88
  29314.913    23.403     3.23    2.76
  29603.467    24.378     3.38    2.42
  29891.998    25.168     2.74    1.91
  30180.507    25.854     2.38    1.90
  30468.994    26.784     3.22    2.35
  30757.458    28.032     4.32    2.86
  31045.899    29.656     5.63    3.93
  31334.319    31.842     7.58    4.62
  31622.715    34.364     8.75    4.75
  31911.090    36.319     6.78    4.26
  32199.442    37.690     4.75    3.49
  32487.772    38.388     2.42    2.72
  32776.080    38.181    -0.72    2.85
  33064.365    36.848    -4.62    3.56
  33352.627    34.848    -6.94    4.33
  33640.868    32.432    -8.38    5.24
  33929.086    29.630    -9.72    5.90
  34217.282    27.519    -7.33    5.64
  34505.455    26.781    -2.56    5.84
  34793.607    27.013     0.80    7.51
  35081.735    28.803     6.21    9.43
  35369.842    32.207    11.82   11.35
  35657.926    37.477    18.29   13.15
  35945.988    44.106    23.01   14.07
  36234.028    49.499    18.72   13.27
  36522.045    53.506    13.91   11.70
  36810.040    56.477    10.31   10.33
  37098.013    56.997     1.81   10.47
  37385.964    55.175    -6.33   12.17
  37673.892    51.842   -11.58   12.65
  37961.798    49.530    -8.03   10.89
  38249.682    50.530     3.47   11.29
  38537.544    54.264    12.97   14.34
  38825.383    60.308    21.00   17.06
  39113.200    66.194    20.45   17.34
  39400.995    71.263    17.61   15.05
  39688.768    73.672     8.37   12.50
  39976.518    72.686    -3.43   13.25
  40264.246    70.242    -8.50   13.75
  40551.952    67.149   -10.75   13.66
  40839.636    64.365    -9.68   13.26
  41127.298    63.157    -4.20   13.83
  41414.937    64.691     5.34   15.20
  41702.554    67.355     9.26   16.18
  41990.149    71.225    13.46   14.67
  42277.722    72.238     3.52   12.73
  42565.273    71.459    -2.71   12.78
  42852.802    69.029    -8.45   14.88
  43140.308    64.206   -16.77   16.72
  43427.792    57.763   -22.41   16.23
  43715.254    50.751   -24.39   13.36
  44002.694    45.457   -18.42   10.61
  44290.112    40.871   -15.96    9.55
  44577.508    37.170   -12.88    8.42
  44864.881    33.377   -13.20    8.22
  45152.233    29.540   -13.35    7.51
  45439.562    26.459   -10.72    6.97
  45726.869    23.784    -9.31    6.21
  46014.155    21.736    -7.13    5.73
  46301.418    19.738    -6.96    4.80
  46588.658    18.075    -5.79    3.35
  46875.877    17.587    -1.70    2.88
  47163.074    18.273     2.39    4.20
  47450.249    19.956     5.86    5.92
  47737.401    22.319     8.23    7.20
  48024.532    25.578    11.35    7.82
  48311.640    28.126     8.88    7.46
  48598.727    30.630     8.72    6.04
  48885.791    32.215     5.52    3.88
  49172.834    32.517     1.05    2.78
  49459.854    31.738    -2.71    3.41
  49746.852    29.971    -6.16    4.17
  50033.828    28.731    -4.32    4.06
  50320.782    28.389    -1.19    3.86
  50607.715    28.203    -0.65    3.77
  50894.625    28.469     0.93    4.01
  51181.513    29.465     3.47    4.21
  51468.379    30.386     3.21    4.28
  51755.223    31.397     3.52    4.24
  52042.045    32.467     3.73    3.85
  52328.846    33.469     3.49    3.15
  52615.624    34.423     3.33    2.41
  52902.380    34.978     1.94    2.15
  53189.114    35.242     0.92    2.41
  53475.827    35.597     1.24    2.48
  53762.517    35.764     0.58    2.65
  54049.185    36.153     1.36    2.39
  54335.832    36.586     1.51    2.29
  54622.456    37.186     2.09    2.37
  54909.059    37.708     1.82    2.37
  55195.639    38.432     2.52    2.30
  55482.198    39.263     2.90    2.09
  55768.735    39.960     2.43    1.88
  56055.250    40.510     1.92    1.66
  56341.743    40.937     1.49    1.47
  56628.214    41.387     1.57    1.45
  56914.663    41.600     0.75    1.41
  57201.090    41.791     0.67    1.49
  57487.495    41.421    -1.29    2.06
  57773.879    40.513    -3.17    3.15
  58060.240    39.600    -3.19    3.52
  58346.580    39.119    -1.68    3.64
  58632.898    39.319     0.70    3.77
  58919.194    39.578     0.90    3.86
  59205.468    40.252     2.35    3.90
  59491.720    41.408     4.04    3.33
  59777.950    42.162     2.63    2.56
  60064.159    42.186     0.08    2.99
  60350.346    42.197     0.04    3.18
  60636.511    42.409     0.74    3.45
  60922.654    42.967     1.95    4.07
  61208.775    43.581     2.14    4.58
  61494.874    44.524     3.30    5.67
  61780.952    46.162     5.73    6.57
  62067.008    48.119     6.84    7.04
  62353.041    50.465     8.20    7.48
  62639.054    53.149     9.38    8.55
  62925.044    56.101    10.32   10.32
  63211.013    58.866     9.67   11.42
  63496.959    61.802    10.27   11.45
  63782.885    65.213    11.93   10.72
  64068.788    68.750    12.37   10.18
  64354.669    72.572    13.37    9.82
  64640.529    76.848    14.96   10.08
  64926.367    80.641    13.27   10.12
  65212.183    83.906    11.42    8.45
  65497.978    85.513     5.62    7.53
  65783.750    85.690     0.62    7.47
  66069.502    85.842     0.53    7.94
  66355.231    85.690    -0.53    8.62
  66640.938    84.170    -5.32    8.49
  66926.624    82.598    -5.50    8.09
  67212.288    81.598    -3.50    8.42
  67497.931    80.075    -5.33    9.18
  67783.551    78.424    -5.78    9.01
  68069.151    76.380    -7.16    8.20
  68354.728    75.403    -3.42    7.92
  68640.283    74.403    -3.50    8.02
  68925.817    73.272    -3.96    8.34
  69211.330    71.796    -5.17    8.79
  69496.820    70.203    -5.58    8.69
  69782.289    69.064    -3.99    7.58
  70067.737    68.469    -2.08    6.32
  70353.162    69.157     2.41    6.40
  70638.566    70.975     6.37    7.59
  70923.948    73.047     7.26    8.01
  71209.309    75.308     7.92    7.48
  71494.648    77.191     6.60    7.07
  71779.966    78.319     3.95    7.10
  72065.261    79.691     4.81    7.12
  72350.536    81.424     6.07    7.13
  72635.788    83.482     7.21    7.44
  72921.019    85.938     8.61    7.73
  73206.228    88.617     9.39    8.02
  73491.416    91.367     9.64    8.19
  73776.582    93.901     8.88    7.00
  74061.727    94.529     2.20    7.06
  74346.850    94.738     0.73    8.27
  74631.951    95.552     2.85    8.80
  74917.031    96.457     3.18    9.67
  75202.089    96.784     1.15    9.53
  75487.126    96.342    -1.55    9.04
  75772.141    96.569     0.80    8.91
  76058.433    96.250    -1.11    9.94
  76348.171    92.779   -11.98   11.16
  76637.887    89.482   -11.38   10.70
  76927.581    87.901    -5.46   11.05
  77217.252    86.726    -4.05   11.12
  77506.900    84.998    -5.97   10.71
  77796.526    82.459    -8.76   11.14
  78086.129    79.508   -10.19   10.94
  78375.710    77.055    -8.47   10.91
  78665.268    75.589    -5.06   10.96
  78954.804    75.533    -0.19   11.77
  79244.317    76.432     3.10   13.52
  79533.807    78.081     5.70   15.02
  79823.276    80.376     7.93   14.74
  80112.721    82.679     7.96   13.69
  80402.144    84.331     5.71   12.96
  80691.545    83.971    -1.24   12.45
  80980.923    82.185    -6.17   11.60
  81270.278    80.899    -4.44   11.32
  81559.611    79.917    -3.39   11.82
  81848.922    76.942   -10.28   12.97
  82138.210    73.128   -13.18   12.85
  82427.476    69.615   -12.15   12.87
  82716.719    66.145   -12.00   11.90
  83005.940    63.482    -9.21   10.42
  83295.138    60.825    -9.19    7.48
  83584.314    60.332    -1.71    5.49
  83873.467    62.211     6.50    7.69
  84162.598    66.308    14.17   11.43
  84451.707    71.191    16.89   13.88
  84740.793    76.575    18.62   15.07
  85029.856    81.971    18.66   15.68
  85318.898    88.098    21.20   15.42
  85607.916    92.703    15.93   14.78
  85896.913    96.526    13.23   14.77
  86185.887    99.400     9.94   14.21
  86474.839   101.035     5.66   13.89
  86763.768   102.540     5.21   12.90
  87052.675   102.575     0.12   12.47
  87341.559   103.436     2.98   11.46
  87630.421   104.894     5.05    9.90
  87919.261   106.411     5.25    8.50
  88208.079   108.773     8.18    6.70
  88496.874   110.343     5.44    6.32
  88785.646   111.549     4.18    6.74
  89074.397   112.876     4.60    7.70
  89363.125   113.724     2.94    7.64
  89651.831   114.083     1.25    7.81
  89940.514   113.836    -0.86    8.57
  90229.175   113.239    -2.07    9.32
  90517.814   113.128    -0.38    9.10
  90806.430   112.623    -1.75    8.82
  91095.024   111.814    -2.80    9.16
  91383.596   111.960     0.51    8.85
  91672.146   113.465     5.22    8.18
  91960.673   115.819     8.16    8.11
  92249.178   117.819     6.93    8.34
  92537.661   119.842     7.01    8.17
  92826.121   122.027     7.57    8.10
  93114.559   124.859     9.82    7.94
  93402.975   127.785    10.15    7.03
  93691.369   129.459     5.80    7.23
  93979.740   130.519     3.68    8.02
  94268.089   130.438    -0.28    9.26
  94556.416   130.063    -1.30   10.25
  94844.721   129.161    -3.13   10.49
  95133.003   128.578    -2.02    9.63
  95421.263   129.133     1.93    8.38
  95709.501   130.122     3.43    7.88
  95997.717   131.436     4.56    7.80
  96285.911   133.377     6.74    7.72
  96574.082   135.610     7.75    7.45
  96862.231   137.808     7.63    7.42
  97150.358   140.756    10.23    7.67
  97438.463   143.469     9.41    8.59
  97726.545   146.110     9.17    9.05
  98014.606   147.756     5.71    9.48
  98302.644   149.110     4.70   11.09
  98590.660   149.982     3.03   13.17
  98878.654   149.494    -1.70   15.55
  99166.626   148.098    -4.85   16.75
  99454.575   145.613    -8.63   16.34
  99742.503   144.096    -5.27   14.22
 100030.408   144.402     1.06   11.79
 100318.292   146.708     8.01   11.89
 100606.153   151.029    15.01   14.75
 100893.992   157.434    22.25   18.21
 101181.808   164.690    25.21   19.81
 101469.603   172.030    25.50   19.31
 101757.376   179.853    27.18   18.16
 102045.126   187.888    27.92   16.99
 102332.855   193.638    19.98   16.44
 102620.561   197.218    12.44   14.77
 102908.245   198.432     4.22   13.03
 103195.907   198.083    -1.21   12.70
 103483.548   197.331    -2.62   13.33
 103771.166   195.409    -6.68   13.99
 104058.762   193.724    -5.86   13.71
 104346.335   193.274    -1.56   13.44
 104633.887   196.364    10.75   15.48
 104921.417   202.376    20.90   19.51
 105208.925   209.971    26.42   24.15
 105496.411   219.672    33.74   30.67
 105783.874   231.124    39.84   39.04
 106071.316   244.691    47.20   45.68
 106358.736   255.508    37.63   47.77
 106646.133   265.413    34.46   48.57
 106933.509   277.808    43.13   50.60
 107220.863   289.319    40.06   54.11
 107508.194   302.618    46.28   58.65
 107795.504   315.308    44.16   64.39
 108082.791   332.994    61.56   72.91
 108370.057   353.552    71.56   74.80
 108657.301   373.860    70.69   70.02
 108944.522   388.710    51.70   65.72
 109231.722   398.773    35.03   69.52
 109518.900   402.633    13.44   83.06
 109806.056   399.296   -11.62   92.51
 110093.190   387.331   -41.67   98.14
 110380.301   368.122   -66.90   97.37
 110667.391   349.238   -65.77   89.53
 110954.459   338.002   -39.14   75.95
 111241.506   333.672   -15.08   65.21
 111528.530   339.069    18.80   62.79
 111815.532   344.319    18.29   57.44
 112102.512   345.392     3.74   50.28
 112389.471   343.832    -5.44   46.64
 112676.407   334.307   -33.19   44.06
 112963.322   323.015   -39.36   43.00
 113250.215   308.248   -51.47   42.38
 113537.086   293.389   -51.79   34.47
 113823.934   289.204   -14.59   33.21
 114110.762   292.388    11.10   36.54
 114397.567   294.013     5.66   36.22
 114684.350   295.465     5.07   36.06
 114971.112   299.763    14.98   35.35
 115257.851   304.672    17.12   36.88
 115544.569   305.354     2.38   37.46
 115831.265   306.273     3.21   38.33
 116117.939   313.055    23.65   42.06
 116404.591   323.592    36.76   46.99
 116691.222   333.535    34.69   47.36
 116977.830   343.365    34.29   48.32
 117264.417   352.308    31.20   45.08
 117550.982   357.469    18.01   41.31
 117837.525   359.836     8.26   39.14
 118124.046   364.364    15.80   36.69
 118410.546   374.365    34.90   37.13
 118697.024   383.478    31.81   39.03
 118983.480   390.533    24.62   40.94
 119269.914   396.683    21.47   41.59
 119556.326   400.186    12.23   41.08
 119842.717   404.465    14.94   40.96
 120129.086   407.454    10.44   40.69
 120415.433   414.442    24.40   41.25
 120701.758   424.005    33.40   43.91
 120988.062   431.024    24.51   48.96
 121274.343   442.638    40.56   57.75
 121560.604   455.285    44.18   64.27
 121846.842   469.638    50.14   65.78
 122133.059   480.791    38.97   62.86
 122419.253   483.533     9.58   61.08
 122705.427   484.409     3.06   59.89
 122991.578   481.870    -8.87   62.05
 123277.708   475.477   -22.34   65.89
 123563.816   466.331   -31.96   68.03
 123849.902   451.503   -51.82   72.37
 124135.967   434.866   -58.15   75.29
 124422.010   421.750   -45.85   71.01
 124708.031   413.272   -29.64   63.27
 124994.031   404.765   -29.74   57.77
 125280.008   403.693    -3.75   59.71
 125565.965   412.512    30.84   62.85
 125851.899   429.090    57.97   61.15
 126137.812   441.825    44.54   62.72
 126423.703   451.356    33.33   62.76
 126709.573   465.308    48.80   61.56
 126995.421   485.555    70.82   64.82
 127281.247   504.237    65.36   62.71
 127567.052   511.966    27.04   55.41
 127852.835   508.529   -12.03   55.26
 128138.596   500.808   -27.02   62.34
 128424.336   482.133   -65.35   72.67
 128710.054   453.005  -101.93   74.81
 128995.751   416.017  -129.45   66.32
 129281.426   385.494  -106.83   52.97
 129567.079   366.296   -67.20   43.03
 129852.711   357.239   -31.71   41.05
 130138.321   355.505    -6.07   48.59
 130423.910   353.529    -6.92   55.88
 130709.477   348.761   -16.69   59.73
 130995.023   347.296    -5.13   62.56
 131280.547   348.052     2.65   62.23
 131566.049   348.778     2.54   65.19
 131851.530   358.057    32.50   76.85
 132136.989   379.575    75.37   93.27
 132422.427   406.546    94.48  108.30
 132707.843   422.474    55.80  108.89
 132993.237   428.093    19.69  103.11
 133278.611   423.743   -15.24   93.89
 133563.962   413.319   -36.52   83.66
 133849.292   395.947   -60.88   74.56
 134134.601   371.645   -85.17   66.71
 134419.888   346.569   -87.89   61.69
 134705.153   326.364   -70.82   54.69
 134990.397   310.319   -56.24   49.31
 135275.620   295.172   -53.10   40.57
 135560.821   279.183   -56.05   36.16
 135846.000   274.549   -16.25   33.25
 136131.158   279.204    16.32   32.51
 136416.295   282.940    13.10   29.00
 136701.410   281.538    -4.92   29.45
 136986.504   274.952   -23.10   32.13
 137271.576   267.944   -24.58   35.53
 137556.627   258.456   -33.28   37.17
 137841.656   247.819   -37.31   35.95
 138129.280   235.089   -44.25   32.29
 138419.017   222.227   -44.39   36.64
 138708.732   208.503   -47.37   42.84
 138998.424   194.538   -48.20   45.51
 139288.094   181.364   -45.47   43.13
 139577.741   168.319   -45.03   35.13
 139867.366   156.492   -40.83   22.33
 140156.968   150.808   -19.62   11.32
 140446.549   148.760    -7.07    2.58
 140736.106   148.224    -1.85    2.67
 141025.641   146.862    -4.71    3.83
 141315.154   145.478    -4.78    4.00
 141604.645   144.296    -4.08    3.89
 141894.113   143.566    -2.52    3.46
 142183.558   143.978     1.42    6.79
 142472.982   146.955    10.28   13.90
 142762.382   150.486    12.20   16.10
 143051.761   153.472    10.32   16.18
 143341.117   156.226     9.52   16.11
 143630.451   160.703    15.47   16.96
 143919.762   166.308    19.37   19.57
 144209.051   172.883    22.73   24.08
 144498.318   178.768    20.34   26.14
 144787.562   185.676    23.88   29.93
 145076.785   192.960    25.18   32.91
 145365.984   200.569    26.31   34.57
 145655.162   209.103    29.51   37.56
 145944.317   220.564    39.63   44.25
 146233.450   234.848    49.40   54.76
 146522.560   250.940    55.65   68.63
 146811.648   267.133    56.01   82.38
 147100.714   277.641    36.35   86.49
 147389.758   285.181    26.08   83.92
 147678.779   289.331    14.35   79.27
 147967.778   292.922    12.42   73.85
 148256.755   294.204     4.44   65.56
 148545.709   294.592     1.34   58.56
 148834.642   299.216    16.00   57.32
 149123.552   304.872    19.58   60.67
 149412.439   309.119    14.70   61.18
 149701.305   311.519     8.31   58.25
 149990.148   307.177   -15.03   50.21
 150278.969   304.837    -8.10   46.28
 150567.768   306.075     4.29   44.64
 150856.545   309.819    12.96   40.63
 151145.299   313.936    14.25   35.80
 151434.031   317.449    12.17   31.61
 151722.741   325.168    26.73   33.70
 152011.429   337.633    43.17   44.62
 152300.094   355.773    62.83   55.45
 152588.737   377.496    75.25   65.85
 152877.359   401.607    83.53   83.75
 153165.958   430.308    99.44   92.28
 153454.534   461.181   106.97   89.42
 153743.089   480.319    66.31   80.01
 154031.621   491.263    37.92   74.77
 154320.132   494.819    12.32   66.30
 154608.620   490.513   -14.93   57.38
 154897.086   482.342   -28.32   57.72
 155185.530   472.342   -34.67   60.16
 155473.951   465.238   -24.63   60.14
 155762.351   453.238   -41.60   63.76
 156050.728   430.883   -77.51   62.87
 156339.084   415.400   -53.69   60.64
 156627.417   405.569   -34.09   53.22
 156915.728   398.615   -24.12   44.97
 157204.017   396.690    -6.68   41.83
 157492.284   399.592    10.07   40.27
 157780.529   402.024     8.44   36.50
 158068.751   402.814     2.74   36.41
 158356.952   402.540    -0.95   36.72
 158645.130   401.696    -2.93   36.86
 158933.287   396.061   -19.55   36.25
 159221.421   389.412   -23.07   36.83
 159509.534   391.284     6.50   38.34
 159797.624   403.947    43.95   41.25
 160085.692   423.296    67.16   52.25
 160373.738   450.482    94.37   73.53
 160661.762   488.145   130.74   96.95
 160949.764   538.250   173.95  107.53
 161237.744   589.401   177.60   95.84
 161525.702   623.133   117.13   76.19
 161813.638   638.424    53.10   63.42
 162101.552   632.966   -18.95   73.90
 162389.444   611.919   -73.10   91.29
 162677.314   580.936  -107.62   96.91
 162965.162   540.423  -140.72   87.68
 163252.988   499.472  -142.26   74.43
 163540.792   468.064  -109.12   70.43
 163828.574   442.377   -89.24   68.85
 164116.334   419.808   -78.42   63.33
 164404.072   402.047   -61.72   55.47
 164691.788   387.910   -49.13   45.50
 164979.482   370.982   -58.83   43.08
 165267.155   356.001   -52.07   45.68
 165554.805   346.791   -32.01   49.89
 165842.433   339.656   -24.80   54.46
 166130.039   334.467   -18.04   59.49
 166417.624   331.837    -9.15   65.50
 166705.186   328.160   -12.78   68.72
 166992.727   323.101   -17.59   65.80
 167280.245   315.160   -27.61   55.42
 167567.742   304.251   -37.94   40.05
 167855.217   298.967   -18.38   29.34
 168142.670   297.183    -6.21   25.51
 168430.101   297.388     0.71   26.03
 168717.510   298.572     4.12   26.32
 169004.897   300.552     6.89   26.80
 169292.262   300.203    -1.21   22.67
 169579.605   299.575    -2.18   20.90
 169866.927   302.389     9.79   24.95
 170154.227   305.564    11.05   26.84
 170441.504   306.564     3.48   26.87
 170728.760   308.343     6.19   28.60
 171015.995   309.901     5.42   26.87
 171303.207   312.668     9.63   27.64
 171590.397   313.622     3.32   27.70
 171877.566   314.796     4.09   25.50
 172164.712   319.540    16.52   28.44
 172451.837   323.261    12.96   28.39
 172738.940   323.331     0.24   21.62
 173026.022   324.688     4.73   21.39
 173313.081   324.908     0.76   20.86
 173600.119   324.884    -0.08   19.02
 173887.135   323.543    -4.67   17.43
 174174.129   321.096    -8.53   14.96
 174461.101   319.672    -4.96   12.20
 174748.051   318.296    -4.80    6.07
 175034.980   320.676     8.29    7.41
 175321.887   324.480    13.26    8.90
 175608.772   328.779    14.98   10.96
 175895.636   335.240    22.52   13.66
 176182.477   342.756    26.20   16.18
 176469.297   351.515    30.53   18.40
 176756.095   361.847    36.02   20.62
 177042.872   372.567    37.37   24.37
 177329.626   383.353    37.61   28.40
 177616.359   393.365    34.91   31.34
 177903.070   401.847    29.58   30.69
 178189.760   413.785    41.63   36.01
 178476.428   428.001    49.58   40.10
 178763.074   438.569    36.86   39.62
 179049.698   448.967    36.27   39.72
 179336.300   461.865    45.00   40.45
 179622.881   477.769    55.49   44.25
 179909.441   494.967    60.01   46.74
 180195.978   504.944    34.81   45.61
 180482.494   509.319    15.27   44.20
 180768.988   510.797     5.16   45.57
 181055.461   506.526   -14.90   57.31
 181341.912   492.044   -50.55   70.90
 181628.341   471.009   -73.43   74.45
 181914.748   450.124   -72.91   63.51
 182201.134   436.296   -48.28   48.74
 182487.498   432.319   -13.89   38.26
 182773.841   443.515    39.09   44.42
 183060.162   463.854    71.03   50.59
 183346.461   486.226    78.13   54.46
 183632.739   511.966    89.90   55.90
 183918.995   533.672    75.81   55.39
 184205.230   552.331    65.18   51.62
 184491.442   565.578    46.28   53.55
 184777.634   570.613    17.59   57.99
 185063.803   567.022   -12.55   66.94
 185349.951   552.355   -51.25   71.59
 185636.078   531.449   -73.05   67.32
 185922.183   514.552   -59.05   56.73
 186208.266   505.308   -32.31   47.47
 186494.328   501.519   -13.24   40.71
 186780.368   504.936    11.94   39.17
 187066.387   516.726    41.22   50.48
 187352.384   540.982    84.80   70.50
 187638.359   568.715    96.96   81.58
 187924.313   585.750    59.56   77.44
 188210.246   598.087    43.14   73.94
 188496.156   606.715    30.17   76.12
 188782.046   606.226    -1.71   75.96
 189067.914   602.633   -12.57   79.29
 189353.760   595.075   -26.44   76.35
 189639.585   591.449   -12.69   71.74
 189925.388   589.354    -7.33   64.71
 190211.170   586.226   -10.94   57.70
 190496.930   589.998    13.19   60.38
 190782.669   595.055    17.70   63.20
 191068.386   597.894     9.94   64.67
 191354.082   598.228     1.17   63.23
 191639.756   597.319    -3.18   57.55
 191925.409   594.626    -9.43   45.60
 192211.040   595.072     1.56   36.43
 192496.650   601.240    21.59   37.73
 192782.238   613.779    43.90   45.55
 193067.805   627.622    48.47   50.79
 193353.351   641.411    48.28   55.46
 193638.875   656.308    52.16   61.71
 193924.378   668.377    42.27   68.68
 194209.859   678.308    34.78   71.22
 194495.319   687.331    31.60   72.73
 194780.757   700.173    44.99   78.78
 195066.174   718.592    64.52   90.13
 195351.569   733.618    52.64   93.63
 195636.943   745.262    40.79   97.28
 195922.296   753.273    28.07  101.24
 196207.627   758.638    18.80  102.76
 196492.937   762.024    11.87   98.24
 196778.226   767.013    17.48   92.50
 197063.493   768.285     4.46   87.25
 197348.739   771.717    12.03   83.87
 197633.963   777.610    20.66   84.11
 197919.166   790.157    43.98   92.95
 198204.347   814.308    84.67  105.12
 198489.508   844.837   107.04  115.54
 198774.647   866.931    77.47  122.81
 199059.764   886.224    67.66  127.64
 199344.860   902.343    56.53  136.35
 199629.935   914.213    41.63  145.26
 199914.989   913.272    -3.30  146.82
 200203.988   906.649   -22.91  139.19
 200493.714   903.637   -10.39  129.54
 200783.417   913.040    32.45  122.07
 201073.098   923.141    34.86  122.30
 201362.757   934.825    40.33  138.65
 201652.394   948.813    48.29  146.53
 201942.008   967.766    65.43  145.24
 202231.600   979.843    41.69  144.07
 202521.169   988.774    30.84  146.00
 202810.716   990.740     6.79  143.01
 203100.241   993.986    11.21  136.38
 203389.744   996.215     7.70  124.23
 203679.225   989.761   -22.29  107.17
 203968.683   987.598    -7.47  100.06
 204258.119   988.434     2.89   92.19
 204547.533  1000.761    42.59   83.91
 204836.924  1027.389    92.00   88.70
 205126.293  1070.038   147.36  116.31
 205415.641  1108.618   133.31  127.88
 205704.965  1139.936   108.22  124.61
 205994.268  1158.202    63.13  114.48
 206283.548  1153.260   -17.08  122.21
 206572.806  1113.771  -136.49  134.68
 206862.042  1058.100  -192.44  120.17
 207151.256  1006.825  -177.26   88.41
 207440.448   969.645  -128.54   67.31
 207729.617   942.343   -94.40   55.93
 208018.764   923.391   -65.53   50.51
 208307.889   909.331   -48.62   52.60
 208596.992   902.843   -22.44   62.37
 208886.073   901.502    -4.64   79.04
 209175.132   906.368    16.83   93.02
 209464.168   911.978    19.40  101.93
 209753.182   914.593     9.05  113.30
 210042.174   920.427    20.18  124.13
 210331.144   922.566     7.40  131.08
 210620.092   921.641    -3.20  131.51
 210909.018   926.607    17.18  127.48
 211197.921   928.467     6.44  118.87
 211486.803   922.866   -19.39  109.93
 211775.662   909.119   -47.58   99.92
 212064.499   890.529   -64.35   92.56
 212353.315   869.459   -72.94   96.56
 212642.108   851.761   -61.27   96.26
 212930.878   841.687   -34.88   98.11
 213219.627   832.595   -31.48  100.82
 213508.354   820.802   -40.84  104.71
 213797.059   802.122   -64.69   97.29
 214085.741   792.607   -32.95   89.35
 214374.402   792.607     0.00   89.47
 214663.041   799.610    24.26  100.59
 214951.657   808.912    32.22  114.10
 215240.251   812.564    12.65  116.13
 215528.824   808.319   -14.70  111.17
 215817.374   801.696   -22.95  104.63
 216105.902   794.908   -23.52   90.84
 216394.409   792.743    -7.50   81.68
 216682.893   794.677     6.70   84.23
 216971.355   796.331     5.73   89.28
 217259.795   794.049    -7.91   92.71
 217548.214   781.843   -42.31   94.72
 217836.610   757.564   -84.17   98.66
 218124.984   723.922  -116.64   99.86
 218413.336   688.013  -124.51   94.28
 218701.666   659.848   -97.66   78.19
 218989.975   643.135   -57.96   58.37
 219278.261   641.860    -4.42   53.26
 219566.525   663.724    75.83   75.17
 219854.768   699.061   122.57   87.76
 220142.988   731.477   112.45   83.09
 220431.186   754.612    80.26   71.53
 220719.363   773.949    67.09   63.54
 221007.518   796.535    78.37   63.78
 221295.650   820.135    81.89   76.31
 221583.761   847.929    96.45   95.42
 221871.850   884.434   126.69  103.77
 222159.916   915.791   108.83   96.63
 222447.961   940.860    87.01   75.74
 222735.984   944.994    14.35   69.27
 223023.985   924.366   -71.61   90.27
 223311.965   893.508  -107.14   95.47
 223599.922   864.366  -101.18   82.46
 223887.857   847.731   -57.76   73.50
 224175.771   849.955     7.72   77.56
 224463.662   864.046    48.94   86.70
 224751.532   881.522    60.70   87.11
 225039.380   894.936    46.59   80.93
 225327.206   892.784    -7.47   88.66
 225615.010   880.947   -41.12   94.59
 225902.793   867.854   -45.49   89.41
 226190.553   861.943   -20.54   82.74
 226478.292   872.773    37.63   91.79
 226766.009   891.133    63.80  103.72
 227053.704   913.894    79.10  106.39
 227341.377   932.901    66.06  103.36
 227629.028   950.584    61.46   98.84
 227916.657   968.963    63.89   97.00
 228204.265   978.133    31.88   95.57
 228491.851   982.796    16.21   96.88
 228779.415   994.943    42.23   95.92
 229066.957  1015.261    70.65  101.41
 229354.478  1048.355   115.08  113.80
 229641.977  1093.425   156.74  136.89
 229929.453  1155.501   215.89  161.31
 230216.909  1215.296   207.97  151.39
 230504.342  1269.319   187.91  133.29
 230791.754  1300.366   108.00  112.49
 231079.143  1302.366     6.96  119.55
 231366.511  1280.546   -75.92  147.68
 231653.858  1252.438   -97.80  161.68
 231941.182  1213.015  -137.18  168.24
 232228.485  1185.039   -97.35  149.48
 232515.766  1176.454   -29.88  127.67
 232803.026  1186.825    36.10  118.90
 233090.263  1209.006    77.21  111.52
 233377.479  1230.117    73.49  105.74
 233664.674  1235.319    18.11  100.21
 233951.846  1233.129    -7.63   99.64
 234238.997  1224.688   -29.39  105.81
 234526.126  1214.331   -36.06  116.89
 234813.233  1199.795   -50.62  119.45
 235100.319  1178.502   -74.15  117.32
 235387.383  1159.734   -65.37  114.33
 235674.426  1142.710   -59.30  116.97
 235961.446  1110.236  -113.12  125.28
 236248.445  1068.629  -144.94  130.87
 236535.423  1010.891  -201.15  149.92
 236822.379   947.807  -219.79  150.11
 237109.313   897.424  -175.56  128.30
 237396.225   864.170  -115.88  102.85
 237683.116   847.871   -56.80   87.54
 237969.985   849.986     7.37   88.39
 238256.832   869.797    69.05   95.40
 238543.658   897.572    96.82   90.14
 238830.463   918.982    74.63   81.34
 239117.245   940.998    76.75   88.49
 239404.006   976.376   123.35   96.68
 239690.746  1015.135   135.14   90.18
 239977.464  1039.124    83.65   80.65
 240264.160  1051.515    43.21   78.02
 240550.835  1062.866    39.59   82.67
 240837.488  1062.924     0.20   94.00
 241124.119  1045.415   -61.07  105.27
 241410.729  1018.462   -94.02  107.15
 241697.317   993.557   -86.88  109.38
 241983.884   967.710   -90.18  110.30
 242270.429   943.100   -85.87  107.19
 242556.953   914.090  -101.22  104.77
 242843.455   881.560  -113.52  106.68
 243129.936   851.235  -105.83  103.34
 243416.395   822.705   -99.57   99.07
 243702.832   803.211   -68.04   95.40
 243989.248   793.343   -34.45   95.94
 244275.643   781.970   -39.70   98.25
 244562.016   769.488   -43.58   96.75
 244848.367   755.596   -48.50   99.18
 245134.697   740.247   -53.60  101.35
 245421.005   727.982   -42.83   99.46
 245707.292   709.801   -63.49   93.46
 245993.558   690.027   -69.06   80.70
 246279.802   669.874   -70.39   63.28
 246566.024   658.802   -38.67   52.44
 246852.225   657.378    -4.97   57.92
 247138.404   663.343    20.84   70.28
 247424.562   673.168    34.33   77.74
 247710.699   686.610    46.97   81.55
 247996.814   707.959    74.60   85.95
 248282.908   739.703   110.93   94.45
 248568.980   777.566   132.33  102.85
 248855.031   813.402   125.25   98.62
 249141.060   842.896   103.09   93.92
 249427.068   873.731   107.79   87.51
 249713.054   883.633    34.62   88.64
 249999.019   870.508   -45.89   97.10
 250284.963   839.719  -107.65  103.18
 250570.885   804.449  -123.33   95.80
 250856.786   776.766   -96.80   84.62
 251142.666   752.052   -86.43   74.14
 251428.524   727.447   -86.05   60.04
 251714.360   709.649   -62.25   51.03
 252000.175   697.529   -42.40   48.59
 252285.969   680.308   -60.24   44.13
 252571.742   669.919   -36.34   38.41
 252857.493   661.449   -29.64   34.05
 253143.223   645.474   -55.90   32.25
 253428.931   627.729   -62.10   32.25
 253714.618   613.296   -50.51   32.42
 254000.284   605.223   -28.25   30.82
 254285.928   600.825   -15.39   32.92
 254571.551   599.163    -5.82   37.01
 254857.153   595.331   -13.41   38.44
 255142.733   588.428   -24.17   41.53
 255428.292   579.551   -31.08   44.64
 255713.829   566.893   -44.32   46.37
 255999.346   550.837   -56.22   45.21
 256284.841   536.395   -50.57   42.30
 256570.315   523.470   -45.27   36.18
 256855.767   511.519   -41.86   26.72
 257141.198   503.004   -29.83   16.14
 257426.608   497.809   -18.20    5.92
