-315614.191    80.200     0.00    4.44
-315325.831    80.018    -0.63    4.13
-315037.449    80.015    -0.01    3.85
-314749.045    80.135     0.41    3.97
-314460.619    80.302     0.58    3.84
-314172.171    80.534     0.80    4.03
-313883.700    81.109     1.99    4.33
-313595.208    81.972     2.99    5.09
-313306.694    83.290     4.57    6.07
-313018.158    85.079     6.20    7.19
-312729.599    87.651     8.91    8.01
-312441.019    90.085     8.43    7.84
-312152.416    92.182     7.26    7.63
-311863.792    93.925     6.04    7.14
-311575.145    95.591     5.77    6.20
-311286.476    96.745     3.99    5.69
-310997.785    97.604     2.97    4.94
-310709.072    98.092     1.69    4.62
-310420.337    97.627    -1.61    5.16
-310131.580    96.092    -5.31    6.73
-309842.801    93.557    -8.78    7.64
-309553.999    91.385    -7.52    7.05
-309265.176    90.684    -2.43    6.52
-308976.330    90.926     0.84    6.64
-308687.462    91.926     3.46    7.38
-308398.572    94.183     7.81    7.89
-308109.660    96.907     9.43    7.69
-307820.726    99.391     8.59    6.69
-307531.769   100.964     5.44    5.58
-307242.791   102.132     4.04    4.38
-306953.790   103.009     3.03    3.95
-306664.767   103.604     2.06    4.08
-306375.722   104.351     2.58    3.98
-306086.655   105.081     2.53    3.79
-305797.565   105.536     1.57    3.41
-305508.453   105.696     0.55    3.10
-305219.320   104.580    -3.86    4.40
-304930.163   102.274    -7.97    5.91
-304640.985    99.697    -8.91    6.46
-304351.785    97.941    -6.07    6.31
-304062.562    96.848    -3.78    6.18
-303773.317    96.615    -0.80    6.47
-303484.050    96.794     0.62    6.60
-303194.760    96.745    -0.17    6.83
-302905.448    96.556    -0.65    6.79
-302616.114    96.674     0.41    6.17
-302326.758    96.486    -0.65    6.10
-302037.380    95.745    -2.56    6.43
-301747.979    96.027     0.98    6.88
-301458.556    98.262     7.72    7.30
-301169.111   101.836    12.34    6.59
-300879.643   105.098    11.27    5.68
-300590.153   107.133     7.03    4.97
-300300.641   108.638     5.20    4.57
-300011.107   109.729     3.77    3.83
-299721.550   110.854     3.88    2.48
-299431.971   111.093     0.82    2.15
-299142.369   110.047    -3.61    4.09
-298852.746   108.650    -4.82    5.35
-298563.100   107.075    -5.44    5.82
-298273.431   105.533    -5.32    5.78
-297985.779   103.804    -6.01    5.78
-297700.784   101.627    -7.63    5.86
-297415.768    99.556    -7.26    5.69
-297130.731    98.476    -3.79    4.94
-296845.672    98.804     1.15    5.94
-296560.592   100.330     5.35    7.85
-296275.490   103.220    10.14    9.45
-295990.367   106.976    13.17   10.10
-295705.223   111.173    14.72    9.03
-295420.057   114.766    12.60    6.77
-295134.870   116.650     6.60    4.55
-294849.661   115.976    -2.36    5.90
-294564.431   114.127    -6.48    7.57
-294279.180   112.592    -5.38    7.37
-293993.907   112.592     0.00    7.32
-293708.613   113.404     2.84    7.72
-293423.298   114.886     5.19    8.33
-293137.961   117.949    10.73    7.94
-292852.602   121.091    11.01    5.65
-292567.223   122.862     6.20    4.01
-292281.821   123.098     0.82    4.17
-291996.399   122.321    -2.72    4.88
-291710.955   120.039    -7.99    6.00
-291425.489   116.836   -11.22    7.18
-291140.002   113.825   -10.55    7.58
-290854.493   111.127    -9.45    7.68
-290568.963   108.685    -8.55    7.43
-290283.412   106.708    -6.92    7.11
-289997.839   105.080    -5.70    6.46
-289712.245   104.052    -3.60    5.49
-289426.629   103.862    -0.66    4.93
-289140.991   104.894     3.61    5.34
-288855.332   106.918     7.08    6.80
-288569.652   109.862    10.31    8.85
-288283.950   113.356    12.23    9.81
-287998.226   116.511    11.04    9.21
-287712.481   118.127     5.65    8.18
-287426.715   119.018     3.12    7.63
-287140.927   119.569     1.93    7.40
-286855.117   119.297    -0.95    7.93
-286569.286   118.877    -1.47    8.02
-286283.434   119.013     0.48    7.87
-285997.559   120.581     5.48    8.49
-285711.664   123.477    10.13    8.35
-285425.746   126.894    11.95    7.41
-285139.808   129.429     8.86    6.50
-284853.847   130.834     4.91    5.69
-284567.865   132.167     4.66    5.65
-284281.861   132.708     1.89    5.71
-283995.836   132.604    -0.37    5.51
-283709.789   132.080    -1.83    4.93
-283423.721   131.064    -3.55    4.40
-283137.631   129.684    -4.82    4.71
-282851.519   127.685    -6.99    5.51
-282565.386   124.765   -10.20    6.14
-282279.231   121.627   -10.96    6.86
-281993.055   118.331   -11.51    7.21
-281706.857   115.013   -11.59    7.14
-281420.637   112.132   -10.06    6.45
-281134.396   110.671    -5.10    5.70
-280848.133   109.857    -2.85    6.10
-280561.848   109.547    -1.08    6.43
-280275.542   110.474     3.24    7.10
-279989.214   112.380     6.65    7.95
-279702.864   115.150     9.67    9.08
-279416.493   118.464    11.57   10.48
-279130.100   121.720    11.37   11.40
-278843.686   125.290    12.46   11.03
-278557.249   128.848    12.42    8.94
-278270.791   131.909    10.69    5.23
-277984.312   132.651     2.59    4.04
-277697.810   131.449    -4.19    4.30
-277411.287   129.270    -7.60    4.79
-277124.742   126.901    -8.27    5.24
-276838.176   124.425    -8.64    5.87
-276551.587   121.965    -8.58    6.33
-276264.977   119.109    -9.96    6.46
-275978.346   116.054   -10.66    6.45
-275691.692   113.262    -9.74    5.55
-275405.017   111.457    -6.29    4.33
-275118.320   110.823    -2.21    3.98
-274831.601   112.298     5.14    6.08
-274544.861   115.627    11.61    8.72
-274258.099   119.197    12.45    9.43
-273971.315   121.766     8.96    8.19
-273684.509   123.133     4.76    6.87
-273397.682   123.997     3.01    6.34
-273110.832   124.377     1.32    6.26
-272823.961   123.730    -2.25    6.65
-272537.068   123.524    -0.72    6.97
-272250.154   124.581     3.68    8.02
-271963.217   126.941     8.22    8.29
-271676.259   129.222     7.95    7.26
-271389.279   130.222     3.48    6.10
-271102.277   129.492    -2.54    6.60
-270815.253   128.638    -2.97    6.76
-270528.207   128.166    -1.64    6.51
-270241.140   127.829    -1.17    6.19
-269954.051   127.343    -1.69    5.96
-269666.939   127.308    -0.12    5.86
-269379.806   127.558     0.87    5.16
-269092.652   126.786    -2.69    5.12
-268805.475   124.604    -7.60    5.55
-268518.276   121.763    -9.89    5.45
-268231.056   119.208    -8.89    4.64
-267943.814   117.801    -4.90    3.91
-267656.550   118.104     1.05    5.45
-267369.263   119.871     6.15    7.47
-267081.955   122.091     7.72    8.32
-266794.626   124.408     8.06    8.11
-266507.274   127.384    10.35    7.49
-266219.900   129.984     9.05    6.62
-265932.505   131.651     5.80    5.50
-265645.087   132.258     2.11    5.28
-265357.648   132.580     1.12    4.98
-265070.186   132.151    -1.49    4.72
-264782.703   130.556    -5.55    5.10
-264495.198   128.051    -8.71    5.16
-264207.671   125.534    -8.75    4.66
-263920.121   123.429    -7.32    3.99
-263632.550   122.650    -2.71    4.48
-263344.957   123.394     2.59    6.63
-263057.342   125.418     7.03    8.78
-262769.705   128.673    11.31   10.04
-262482.046   132.211    12.30    9.57
-262194.365   135.604    11.79    7.23
-261906.662   137.379     6.17    4.55
-261618.937   136.615    -2.65    4.78
-261331.191   135.098    -5.27    5.24
-261043.422   132.949    -7.47    5.71
-260755.631   130.058   -10.04    6.00
-260467.818   127.399    -9.24    5.53
-260179.983   125.229    -7.54    4.57
-259892.126   123.729    -5.21    3.68
-259604.247   123.466    -0.91    4.04
-259316.346   124.868     4.87    6.70
-259028.423   126.845     6.86    7.98
-258740.477   129.558     9.42    8.81
-258452.510   132.829    11.35    9.53
-258164.521   136.259    11.91    9.42
-257876.510   139.270    10.45    8.42
-257588.476   141.144     6.50    7.27
-257300.421   142.544     4.86    6.39
-257012.343   142.698     0.53    6.81
-256724.244   142.051    -2.25    7.81
-256436.122   140.270    -6.18    8.56
-256147.978   138.734    -5.33    8.45
-255859.812   138.057    -2.35    7.98
-255571.624   137.848    -0.73    7.78
-255283.414   137.871     0.08    7.85
-254995.182   138.778     3.15    8.46
-254706.927   140.486     5.92    9.72
-254418.651   142.522     7.06   11.01
-254130.352   144.232     5.93   11.88
-253842.032   146.359     7.38   12.53
-253553.689   149.380    10.47   12.60
-253265.324   153.615    14.68   12.40
-252976.936   158.305    16.26   12.16
-252688.527   161.546    11.23   11.39
-252400.096   163.464     6.65   10.50
-252111.642   163.968     1.74    9.43
-251823.166   163.695    -0.95    9.25
-251534.668   162.739    -3.31    9.63
-251246.148   162.615    -0.43   10.36
-250957.605   163.013     1.38   11.06
-250669.041   163.907     3.10   11.53
-250380.454   165.570     5.76   12.05
-250091.845   168.705    10.86   12.57
-249803.214   171.808    10.75   12.80
-249514.560   175.002    11.06   13.10
-249225.885   178.047    10.55   13.40
-248937.187   180.705     9.21   12.76
-248648.467   182.402     5.88   12.59
-248359.724   184.761     8.17   13.00
-248070.960   187.986    11.16   14.13
-247782.173   190.513     8.75   14.71
-247493.364   193.761    11.24   16.05
-247204.532   196.949    11.03   16.43
-246915.679   200.201    11.26   15.87
-246626.803   203.224    10.46   15.69
-246337.904   205.336     7.31   14.66
-246048.984   207.909     8.90   12.98
-245760.041   209.512     5.54    9.86
-245471.076   209.894     1.32    8.46
-245182.089   210.487     2.05    6.69
-244893.079   210.848     1.25    6.18
-244604.047   209.952    -3.10    6.52
-244314.993   208.290    -5.75    6.51
-244025.916   206.673    -5.59    6.54
-243736.817   205.313    -4.70    6.60
-243447.696   204.034    -4.42    6.37
-243158.553   202.394    -5.67    6.21
-242869.387   200.462    -6.68    5.14
-242580.198   198.836    -5.62    4.10
-242290.988   197.862    -3.37    3.16
-242001.755   197.580    -0.98    2.65
-241712.499   200.047     8.53    7.97
-241423.222   204.206    14.37   12.54
-241133.922   211.053    23.66   18.56
-240844.599   217.071    20.79   19.97
-240555.254   224.524    25.75   20.87
-240265.887   234.006    32.76   20.34
-239976.497   241.443    25.69   17.20
-239687.085   247.673    21.52   12.97
-239397.651   250.029     8.14   12.39
-239108.194   250.593     1.95   12.01
-238818.715   251.808     4.20   12.53
-238529.213   251.252    -1.92   12.63
-238239.689   250.357    -3.09   12.01
-237950.142   252.537     7.53   12.28
-237660.573   254.740     7.61   12.64
-237370.982   257.883    10.85   14.17
-237081.368   261.557    12.68   15.06
-236791.732   264.592    10.48   14.84
-236502.073   267.685    10.68   14.99
-236212.392   271.406    12.84   14.89
-235926.030   273.509     7.34   15.47
-235641.061   275.371     6.53   16.84
-235356.071   279.627    14.93   18.03
-235071.059   282.865    11.36   18.62
-234786.026   283.663     2.80   18.91
-234500.971   280.496   -11.11   19.12
-234215.895   276.103   -15.41   18.68
-233930.797   273.425    -9.39   17.71
-233645.678   270.901    -8.85   16.95
-233360.537   268.027   -10.08   15.16
-233075.375   267.204    -2.89   16.07
-232790.191   267.650     1.57   17.00
-232504.986   268.894     4.36   16.80
-232219.759   269.185     1.02   15.88
-231934.510   268.883    -1.06   14.83
-231649.241   269.371     1.71   12.82
-231363.949   273.466    14.35   15.66
-231078.636   279.558    21.35   20.55
-230793.302   285.172    19.67   22.85
-230507.946   291.964    23.80   24.20
-230222.568   299.499    26.40   25.64
-229937.169   305.880    22.35   25.62
-229651.748   310.995    17.92   23.92
-229366.306   316.454    19.12   21.99
-229080.842   320.546    14.33   21.35
-228795.357   323.604    10.71   21.20
-228509.850   324.720     3.91   19.94
-228224.321   327.498     9.73   18.36
-227938.771   330.604    10.87   16.42
-227653.199   332.862     7.91   14.55
-227367.606   334.109     4.37   13.16
-227081.991   335.305     4.19   11.14
-226796.354   335.765     1.61    9.47
-226510.696   335.297    -1.64    7.92
-226225.016   334.166    -3.96    7.14
-225939.315   332.871    -4.53    6.23
-225653.592   331.964    -3.17    6.05
-225367.847   331.524    -1.54    6.07
-225082.081   332.149     2.19    7.11
-224796.293   334.172     7.08    8.83
-224510.483   337.480    11.57   10.11
-224224.652   340.582    10.85    9.80
-223938.799   342.525     6.80    8.78
-223652.924   342.941     1.45    8.09
-223367.028   343.267     1.14    7.76
-223081.110   342.638    -2.20    8.17
-222795.170   341.236    -4.90    8.26
-222509.208   339.797    -5.03    7.27
-222223.225   340.402     2.11    7.81
-221937.220   342.143     6.09    7.93
-221651.194   344.885     9.58    9.36
-221365.146   347.020     7.46   11.01
-221079.076   349.818     9.78   11.47
-220792.984   353.480    12.80   11.47
-220506.871   358.177    16.41   11.16
-220220.735   362.907    16.53   11.13
-219934.579   366.815    13.65   10.87
-219648.400   369.964    11.00   10.21
-219362.200   372.098     7.46    9.16
-219075.977   373.525     4.98    8.36
-218789.734   374.058     1.86    8.69
-218503.468   373.177    -3.08   10.40
-218217.181   371.031    -7.49   11.59
-217930.871   369.053    -6.91   12.01
-217644.540   366.132   -10.20   12.00
-217358.188   363.110   -10.55   11.46
-217071.813   361.523    -5.54   11.81
-216785.417   360.558    -3.37   11.99
-216498.999   359.406    -4.02   10.98
-216212.559   357.976    -4.99   10.08
-215926.097   356.498    -5.16    9.76
-215639.613   356.206    -1.02    9.36
-215353.108   355.615    -2.06    9.08
-215066.581   353.794    -6.36    8.80
-214780.032   351.794    -6.98    8.55
-214493.461   348.965    -9.87    8.38
-214206.868   346.227    -9.55    8.19
-213920.253   344.804    -4.97    7.60
-213633.617   344.546    -0.90    8.33
-213346.959   343.697    -2.96    8.96
-213060.278   343.639    -0.20    9.46
-212773.576   344.383     2.60    9.92
-212486.852   345.522     3.97    9.85
-212200.107   346.557     3.61    8.52
-211913.339   347.305     2.61    7.17
-211626.549   348.397     3.81    7.26
-211339.738   350.859     8.58    8.70
-211052.905   353.987    10.90   10.00
-210766.049   357.476    12.16    9.65
-210479.172   360.720    11.31    9.72
-210192.273   363.301     9.00    9.77
-209905.352   365.286     6.92    9.42
-209618.409   367.580     7.99    9.28
-209331.444   369.949     8.25    9.10
-209044.457   372.592     9.21    9.02
-208757.449   374.115     5.31    8.43
-208470.418   375.406     4.50    7.84
-208183.365   375.201    -0.71    8.33
-207896.291   374.155    -3.65    9.40
-207609.194   372.020    -7.43   10.43
-207322.076   368.706   -11.54   10.95
-207034.935   364.468   -14.76   11.07
-206747.773   360.990   -12.11   11.38
-206460.588   358.559    -8.46   10.18
-206173.382   357.368    -4.15    8.67
-205886.153   357.694     1.13    8.72
-205598.903   359.952     7.86   10.17
-205311.630   363.671    12.94   11.35
-205024.336   367.761    14.23   10.27
-204737.019   371.477    12.93    7.26
-204449.681   372.718     4.32    5.98
-204162.320   372.371    -1.21    6.78
-203874.938   370.121    -7.83    8.09
-203587.533   366.456   -12.75    8.52
-203300.106   362.183   -14.86    8.75
-203012.658   357.990   -14.59    8.48
-202725.187   355.492    -8.69    7.65
-202437.694   354.649    -2.93    7.19
-202150.179   355.391     2.58    8.35
-201862.642   357.379     6.92    9.97
-201575.083   360.104     9.47   10.34
-201287.502   361.638     5.33   10.14
-200999.899   362.661     3.56    9.54
-200712.273   363.750     3.79    9.26
-200424.626   364.638     3.09    9.20
-200136.956   365.224     2.04    9.16
-199849.265   366.139     3.18    9.04
-199561.551   367.418     4.44    9.35
-199273.815   369.115     5.90    8.80
-198986.057   369.121     0.02    8.78
-198698.277   367.406    -5.96    9.09
-198410.475   365.687    -5.97    8.94
-198122.651   362.056   -12.61   10.90
-197834.804   356.651   -18.77   13.91
-197546.936   352.270   -15.22   14.59
-197259.045   348.968   -11.47   15.28
-196971.132   344.848   -14.31   15.98
-196683.197   339.778   -17.60   16.70
-196395.239   333.464   -21.92   17.54
-196107.260   329.639   -13.28   17.22
-195819.258   329.259    -1.32   17.19
-195531.234   329.593     1.16   17.45
-195243.188   329.968     1.30   18.03
-194955.120   334.161    14.55   18.40
-194667.029   339.330    17.94   18.35
-194378.917   339.660     1.15   18.69
-194090.782   335.638   -13.96   20.76
-193802.625   330.031   -19.45   23.57
-193514.446   324.952   -17.62   26.70
-193226.244   316.015   -31.00   27.38
-192938.020   305.098   -37.87   22.89
-192649.774   298.503   -22.88   18.91
-192361.506   296.582    -6.66   17.75
-192073.215   295.638    -3.27   15.91
-191784.903   296.031     1.36   15.69
-191496.567   298.683     9.20   17.62
-191208.210   301.649    10.28   17.97
-190919.831   304.098     8.49   17.12
-190631.429   305.456     4.71   16.15
-190343.005   305.774     1.10   14.23
-190054.558   305.730    -0.15   12.91
-189766.089   305.822     0.32   12.36
-189477.598   306.252     1.49   11.91
-189189.085   308.182     6.69   11.97
-188900.549   310.334     7.46   12.27
-188611.991   312.811     8.58   13.30
-188323.411   316.305    12.11   15.14
-188034.808   321.286    17.26   16.06
-187746.183   326.225    17.11   14.75
-187457.536   328.396     7.52   13.80
-187168.866   329.254     2.97   12.80
-186880.174   330.804     5.37   11.71
-186591.460   332.987     7.56   11.62
-186302.723   335.848     9.91   11.61
-186013.964   340.213    15.11   12.50
-185725.183   345.825    19.43   13.12
-185436.379   350.906    17.59   11.53
-185147.553   355.121    14.59   10.26
-184858.704   358.926    13.17   10.02
-184569.833   362.161    11.20    9.25
-184280.940   365.127    10.27    6.62
-183992.024   365.441     1.09    6.13
-183703.086   364.197    -4.31    7.17
-183414.125   363.150    -3.62    7.51
-183125.142   361.708    -4.99    7.45
-182836.137   359.301    -8.33    6.68
-182547.109   357.406    -6.56    6.54
-182258.058   356.569    -2.89    6.15
-181968.986   355.763    -2.79    5.94
-181679.890   354.514    -4.32    6.18
-181390.773   352.249    -7.83    6.18
-181101.632   350.334    -6.62    6.61
-180812.470   349.570    -2.64    7.43
-180523.285   348.784    -2.72    8.04
-180234.077   347.143    -5.67    8.28
-179944.847   345.256    -6.53    8.18
-179655.595   343.076    -7.53    8.57
-179366.320   340.445    -9.09    9.12
-179077.022   337.456   -10.33    9.06
-178787.702   335.337    -7.32    7.80
-178498.360   334.682    -2.27    8.10
-178208.995   335.018     1.16    9.00
-177919.607   337.441     8.37   11.21
-177630.197   341.325    13.42   13.11
-177340.764   345.792    15.43   13.07
-177051.309   349.674    13.41   12.66
-176761.831   352.348     9.23   12.62
-176472.331   353.871     5.26   12.48
-176182.808   354.848     3.37   12.04
-175893.263   355.454     2.09   11.35
-175603.695   356.121     2.30   10.87
-175314.105   357.104     3.39   10.52
-175024.492   358.104     3.45    9.87
-174734.856   360.080     6.82    9.50
-174445.198   363.512    11.84    9.63
-174155.517   367.592    14.08    9.98
-173870.389   370.894    11.58   10.45
-173585.433   373.697     9.83   10.50
-173300.456   375.039     4.71   10.42
-173015.457   375.258     0.77   10.27
-172730.436   376.544     4.51   10.00
-172445.394   378.961     8.48   10.05
-172160.330   381.801     9.96   10.17
-171875.245   383.429     5.71    9.39
-171590.137   383.604     0.61    8.22
-171305.009   383.522    -0.29    7.41
-171019.859   382.854    -2.34    6.84
-170734.687   381.774    -3.79    6.90
-170449.493   380.365    -4.94    6.62
-170164.278   378.808    -5.46    5.88
-169879.041   377.546    -4.43    5.44
-169593.783   376.813    -2.57    5.62
-169308.503   376.232    -2.04    5.94
-169023.201   374.232    -7.01    7.34
-168737.878   371.484    -9.63    8.41
-168452.533   369.469    -7.06    8.70
-168167.166   367.701    -6.20    8.50
-167881.778   364.949    -9.64    8.31
-167596.368   362.839    -7.39    8.08
-167310.936   361.765    -3.76    8.06
-167025.483   361.064    -2.46    8.10
-166740.008   359.671    -4.88    8.15
-166454.511   357.862    -6.34    8.06
-166168.993   356.183    -5.88    8.13
-165883.453   354.877    -4.58    7.99
-165597.891   353.893    -3.44    7.66
-165312.307   352.793    -3.85    7.32
-165026.702   351.456    -4.68    7.26
-164741.075   349.868    -5.56    7.51
-164455.426   347.661    -7.72    7.41
-164169.756   344.999    -9.32    7.13
-163884.064   342.394    -9.12    6.04
-163598.350   341.604    -2.77    6.36
-163312.614   342.730     3.94    8.62
-163026.857   346.076    11.71   11.72
-162741.077   349.368    11.52   12.61
-162455.276   352.193     9.88   11.62
-162169.454   354.282     7.31    9.89
-161883.609   355.740     5.10    7.44
-161597.743   355.983     0.85    6.82
-161311.855   355.075    -3.18    7.61
-161025.945   354.752    -1.13    8.92
-160740.013   357.527     9.71   13.38
-160454.060   362.471    17.29   18.18
-160168.085   369.682    25.21   22.29
-159882.087   380.515    37.87   26.85
-159596.069   390.304    34.22   27.10
-159310.028   398.840    29.84   24.61
-159023.965   403.282    15.53   21.77
-158737.881   403.637     1.24   19.18
-158451.775   401.042    -9.07   18.49
-158165.647   395.422   -19.64   17.58
-157879.497   390.660   -16.64   15.02
-157593.325   387.233   -11.97   12.97
-157307.131   384.020   -11.23   12.05
-157020.916   381.683    -8.16   12.04
-156734.678   380.177    -5.26   12.31
-156448.419   379.031    -4.00   12.48
-156162.138   377.379    -5.77   12.52
-155875.835   374.278   -10.83   11.18
-155589.510   370.893   -11.82    9.71
-155303.163   368.293    -9.08    8.85
-155016.795   366.582    -5.97    7.76
-154730.404   365.004    -5.51    7.03
-154443.992   363.739    -4.42    6.58
-154157.557   362.110    -5.69    6.58
-153871.101   359.076   -10.59    8.08
-153584.623   355.706   -11.76    8.90
-153298.122   352.808   -10.11    8.38
-153011.600   349.926   -10.06    6.80
-152725.056   348.305    -5.66    5.00
-152438.490   348.172    -0.46    4.08
-152151.902   351.049    10.04    8.30
-151865.292   355.447    15.34   11.63
-151578.660   360.368    17.17   13.76
-151292.006   366.408    21.07   15.43
-151005.330   372.877    22.56   16.86
-150718.632   380.167    25.43   17.73
-150431.913   386.150    20.86   18.08
-150145.171   389.592    12.00   18.73
-149858.407   392.468    10.03   19.14
-149571.621   395.137     9.31   19.41
-149284.813   398.437    11.50   19.24
-148997.983   401.774    11.63   18.45
-148711.132   404.177     8.38   16.41
-148424.258   406.143     6.85   13.32
-148137.362   407.774     5.68   10.04
-147850.444   408.894     3.90    7.89
-147563.504   408.534    -1.26    7.33
-147276.542   406.848    -5.87    7.00
-146989.558   404.770    -7.24    5.97
-146702.551   403.892    -3.06    5.84
-146415.523   404.886     3.46    7.59
-146128.473   408.057    11.05   11.00
-145841.401   413.092    17.54   13.55
-145554.306   417.999    17.09   14.03
-145267.190   422.167    14.51   14.19
-144980.051   426.604    15.45   14.22
-144692.890   428.808     7.68   13.87
-144405.708   429.213     1.41   13.45
-144118.503   428.859    -1.23   13.11
-143831.276   428.911     0.18   11.95
-143544.027   429.776     3.01   11.33
-143256.755   430.418     2.23   10.69
-142969.462   430.476     0.20    9.69
-142682.147   430.663     0.65    8.85
-142394.809   429.487    -4.09    9.55
-142107.449   428.290    -4.17   10.18
-141820.067   427.394    -3.12   11.10
-141532.663   427.999     2.10   12.10
-141245.237   428.593     2.06   12.42
-140957.789   429.492     3.13   11.31
-140670.318   428.784    -2.46   10.89
-140382.825   426.458    -8.09   11.19
-140095.310   422.546   -13.60   11.24
-139807.773   417.523   -17.47   11.82
-139520.214   412.110   -18.82   11.93
-139232.632   407.064   -17.54   10.98
-138945.029   403.080   -13.85    9.61
-138657.403   400.018   -10.65    8.82
-138369.755   398.278    -6.05    8.28
-138082.085   396.808    -5.11    8.05
-137794.392   395.570    -4.30    8.15
-137506.677   394.549    -3.55    7.95
-137218.940   393.379    -4.06    7.27
-136931.181   392.293    -3.77    5.80
-136643.400   390.546    -6.07    4.32
-136355.596   388.911    -5.68    3.59
-136067.770   387.312    -5.55    3.49
-135779.922   385.893    -4.93    3.48
-135492.051   384.890    -3.48    3.27
-135204.158   384.071    -2.85    3.23
-134916.243   382.923    -3.99    3.60
-134628.306   381.737    -4.12    3.90
-134340.346   380.681    -3.67    4.07
-134052.364   379.857    -2.86    4.32
-133764.360   379.037    -2.85    4.56
-133476.334   378.301    -2.56    4.78
-133188.285   377.548    -2.61    4.92
-132900.214   376.537    -3.51    5.31
-132612.120   375.070    -5.09    6.01
-132324.005   372.774    -7.97    7.24
-132035.866   369.846   -10.16    7.89
-131747.706   367.493    -8.16    7.45
-131459.523   366.293    -4.16    6.90
-131171.318   366.087    -0.71    7.31
-130883.091   368.259     7.53   10.37
-130594.841   372.778    15.68   13.59
-130306.569   378.960    21.44   15.22
-130018.274   384.081    17.76   14.34
-129729.957   387.871    13.14   12.46
-129441.618   389.784     6.63    9.80
-129153.256   389.515    -0.93    8.14
-128864.872   387.795    -5.96    7.66
-128576.465   386.190    -5.56    6.95
-128288.036   385.139    -3.65    5.73
-127999.585   384.952    -0.64    5.15
-127711.111   385.650     2.42    5.64
-127422.615   387.615     6.81    7.05
-127134.097   390.591    10.31    7.74
-126845.556   393.859    11.32    7.89
-126556.992   396.848    10.35    7.88
-126268.406   400.036    11.05    7.55
-125979.798   403.487    11.96    7.67
-125691.167   407.259    13.07    7.97
-125402.514   409.808     8.83    7.05
-125113.838   410.672     2.99    6.60
-124825.140   410.297    -1.30    7.45
-124536.420   408.941    -4.70    8.61
-124247.677   406.604    -8.09    9.45
-123958.911   403.499   -10.75    8.98
-123670.123   399.711   -13.12    7.31
-123381.312   396.068   -12.61    6.51
-123092.479   392.720   -11.59    6.94
-122803.624   390.064    -9.20    7.08
-122514.746   388.536    -5.29    6.65
-122225.845   388.260    -0.96    6.44
-121936.922   388.286     0.09    6.74
-121647.976   388.941     2.27    7.55
-121359.008   390.263     4.57    8.29
-121070.017   391.460     4.14    8.15
-120781.004   392.385     3.20    7.59
-120491.968   392.226    -0.55    7.18
-120202.910   391.460    -2.65    6.41
-119913.829   390.571    -3.07    5.73
-119624.726   389.132    -4.98    4.87
-119335.600   387.271    -6.44    5.19
-119046.451   385.088    -7.55    5.59
-118757.280   384.015    -3.71    4.92
-118468.086   383.907    -0.37    4.72
-118178.869   384.391     1.67    4.95
-117889.630   385.334     3.26    5.23
-117600.369   386.683     4.66    5.04
-117311.085   388.330     5.69    3.48
-117021.778   389.110     2.70    2.18
-116732.448   388.548    -1.94    2.85
-116443.096   387.229    -4.56    3.67
-116153.721   385.933    -4.48    3.70
-115864.324   385.139    -2.75    3.84
-115574.904   384.926    -0.74    4.36
-115285.461   384.776    -0.52    4.96
-114995.996   384.570    -0.71    5.20
-114706.508   385.582     3.49    5.05
-114416.998   386.971     4.80    4.77
-114127.464   388.002     3.56    4.90
-113837.908   389.365     4.71    5.33
-113548.330   391.534     7.49    6.03
-113258.728   394.452    10.08    6.37
-112969.104   398.069    12.48    6.32
-112679.457   401.333    11.27    6.36
-112389.788   404.208     9.93    6.11
-112101.128   406.755     8.82    5.81
-111816.215   408.845     7.34    5.16
-111531.280   410.282     5.04    4.73
-111246.323   410.880     2.10    4.15
-110961.345   410.570    -1.09    3.97
-110676.345   409.774    -2.79    4.30
-110391.323   407.790    -6.96    5.54
-110106.280   404.995    -9.80    6.66
-109821.215   401.937   -10.72    7.13
-109536.128   398.964   -10.43    7.02
-109251.020   396.069   -10.15    6.84
-108965.890   393.825    -7.87    6.19
-108680.738   392.104    -6.03    5.55
-108395.564   391.024    -3.78    5.05
-108110.369   390.316    -2.48    4.92
-107825.152   390.006    -1.09    4.82
-107539.913   390.115     0.38    4.90
-107254.653   390.422     1.08    4.50
-106969.371   390.720     1.04    3.57
-106684.067   390.615    -0.37    3.01
-106398.741   389.673    -3.30    3.19
-106113.393   388.266    -4.93    3.84
-105828.024   386.336    -6.76    4.27
-105542.633   384.057    -7.99    4.65
-105257.220   382.080    -6.93    4.96
-104971.786   380.070    -7.04    5.68
-104686.329   378.156    -6.71    5.77
-104400.851   376.121    -7.13    5.63
-104115.351   373.740    -8.34    5.89
-103829.829   371.172    -8.99    6.68
-103544.286   368.778    -8.38    7.24
-103258.721   365.673   -10.87    7.74
-102973.133   363.098    -9.01    7.25
-102687.524   361.592    -5.27    6.10
-102401.893   361.133    -1.61    5.41
-102116.241   362.173     3.64    6.31
-101830.566   364.156     6.94    7.01
-101544.870   366.377     7.77    6.72
-101259.152   368.305     6.75    5.66
-100973.412   368.547     0.85    5.56
-100687.650   368.411    -0.48    6.01
-100401.866   367.797    -2.15    6.42
-100116.060   366.454    -4.70    6.43
 -99830.233   365.546    -3.18    6.19
 -99544.383   365.075    -1.65    5.78
 -99258.512   364.918    -0.55    5.12
 -98972.619   364.827    -0.32    3.91
 -98686.704   364.662    -0.58    3.33
 -98400.767   364.661    -0.00    2.96
 -98114.808   364.765     0.36    2.73
 -97828.827   364.786     0.07    2.37
 -97542.824   364.907     0.43    1.85
 -97256.800   364.990     0.29    1.68
 -96970.753   364.843    -0.52    1.90
 -96684.684   364.293    -1.92    2.16
 -96398.594   363.464    -2.90    2.62
 -96112.482   362.201    -4.41    2.94
 -95826.347   360.755    -5.06    3.57
 -95540.191   358.476    -7.96    4.41
 -95254.013   356.139    -8.17    5.11
 -94967.812   353.883    -7.88    5.43
 -94681.590   351.362    -8.80    6.14
 -94395.346   348.831    -8.84    7.08
 -94109.080   346.115    -9.49    7.34
 -93822.792   343.729    -8.33    7.51
 -93536.481   341.899    -6.39    7.74
 -93250.149   339.825    -7.25    7.27
 -92963.795   338.266    -5.44    6.54
 -92677.419   336.987    -4.47    6.01
 -92391.021   335.449    -5.37    5.54
 -92104.601   334.487    -3.36    5.66
 -91818.158   333.732    -2.64    5.96
 -91531.694   333.197    -1.87    6.59
 -91245.208   332.286    -3.18    7.56
 -90958.700   331.193    -3.81    8.11
 -90672.169   329.514    -5.86    8.56
 -90385.617   327.535    -6.91    8.56
 -90099.042   325.755    -6.21    8.07
 -89812.446   324.208    -5.40    7.61
 -89525.827   322.168    -7.12    7.59
 -89239.187   319.755    -8.42    7.87
 -88952.524   317.521    -7.79    7.58
 -88665.839   316.546    -3.40    7.31
 -88379.132   315.808    -2.57    6.95
 -88092.403   315.435    -1.30    6.42
 -87805.652   315.060    -1.31    5.90
 -87518.879   315.015    -0.15    5.35
 -87232.083   314.761    -0.89    5.05
 -86945.266   314.015    -2.60    4.59
 -86658.426   313.305    -2.48    4.06
 -86371.565   312.604    -2.44    3.77
 -86084.681   311.297    -4.55    3.85
 -85797.775   309.729    -5.47    4.80
 -85510.847   307.911    -6.34    5.32
 -85223.896   305.437    -8.62    6.68
 -84936.924   302.934    -8.72    7.65
 -84649.929   301.220    -5.97    7.62
 -84362.913   299.949    -4.43    7.60
 -84075.874   299.860    -0.31    7.63
 -83788.813   301.026     4.06    6.39
 -83501.729   302.334     4.56    4.64
 -83214.624   303.758     4.96    3.43
 -82927.496   304.993     4.30    3.40
 -82640.347   305.692     2.43    4.23
 -82353.175   305.393    -1.04    4.49
 -82065.980   304.912    -1.67    4.79
 -81778.764   304.515    -1.38    5.07
 -81491.525   303.880    -2.21    5.45
 -81204.264   302.558    -4.60    5.79
 -80916.981   300.337    -7.73    5.35
 -80629.676   298.494    -6.41    6.21
 -80342.348   296.472    -7.04    7.46
 -80054.998   293.160   -11.53    9.87
 -79767.626   288.670   -15.62   12.82
 -79480.232   284.428   -14.76   14.46
 -79192.815   280.395   -14.03   16.23
 -78905.376   277.149   -11.30   16.20
 -78617.915   275.851    -4.51   14.98
 -78330.432   276.110     0.90   14.42
 -78042.926   277.492     4.81   13.83
 -77755.398   279.424     6.72   13.12
 -77467.848   282.055     9.15   11.28
 -77180.275   285.368    11.52    7.65
 -76892.680   287.604     7.78    3.82
 -76605.063   286.912    -2.41    4.25
 -76317.424   285.017    -6.59    4.52
 -76029.762   282.844    -7.56    4.40
 -75742.078   280.526    -8.05    4.84
 -75454.371   278.660    -6.49    5.77
 -75166.642   276.818    -6.40    7.25
 -74878.891   274.739    -7.22    8.52
 -74591.118   272.604    -7.42    9.24
 -74303.322   269.615   -10.38    9.89
 -74015.504   266.439   -11.03   11.22
 -73727.663   264.746    -5.88   12.36
 -73439.800   263.967    -2.71   14.39
 -73151.915   263.267    -2.43   16.14
 -72864.007   261.215    -7.13   17.36
 -72576.077   257.893   -11.54   18.94
 -72288.124   256.581    -4.56   19.61
 -72000.149   256.637     0.20   19.52
 -71712.152   255.126    -5.25   18.18
 -71424.132   251.604   -12.23   14.53
 -71136.090   249.784    -6.32   11.97
 -70848.026   250.155     1.29   13.06
 -70559.939   254.975    16.73   18.27
 -70271.829   262.397    25.76   23.55
 -69983.697   271.449    31.41   25.97
 -69695.543   277.426    20.74   23.91
 -69407.366   280.026     9.02   21.68
 -69119.167   282.226     7.63   18.05
 -68830.946   283.899     5.80   16.55
 -68542.701   284.937     3.60   18.28
 -68254.435   285.964     3.56   19.21
 -67966.146   286.627     2.30   18.72
 -67677.834   286.362    -0.92   16.50
 -67389.500   286.046    -1.10   15.60
 -67101.144   283.487    -8.87   17.26
 -66812.765   277.127   -22.06   19.09
 -66524.363   269.952   -24.87   18.38
 -66235.939   263.718   -21.62   16.30
 -65947.493   259.053   -16.17   15.96
 -65659.024   254.339   -16.34   17.27
 -65370.532   250.570   -13.07   18.29
 -65082.018   248.266    -7.98   19.03
 -64793.481   243.820   -15.41   21.60
 -64504.922   237.534   -21.78   25.87
 -64216.340   229.297   -28.54   28.11
 -63927.736   221.041   -28.61   27.04
 -63639.109   213.301   -26.81   23.49
 -63350.460   206.899   -22.18   18.93
 -63061.788   204.065    -9.82   17.46
 -62773.093   205.627     5.41   20.18
 -62484.376   212.662    24.37   23.02
 -62195.637   218.720    20.98   23.23
 -61906.874   223.831    17.70   22.79
 -61618.089   228.755    17.05   22.11
 -61329.282   232.766    13.89   20.72
 -61040.452   238.592    20.17   22.91
 -60751.599   242.671    14.12   24.77
 -60462.724   246.934    14.75   25.24
 -60173.826   252.004    17.55   23.00
 -59884.905   255.826    13.23   22.04
 -59595.962   255.728    -0.34   23.09
 -59306.996   252.903    -9.78   22.27
 -59018.008   248.468   -15.35   21.12
 -58728.996   241.831   -22.96   24.61
 -58439.963   229.323   -43.27   33.47
 -58150.906   215.015   -49.50   35.96
 -57861.827   202.082   -44.74   32.92
 -57572.725   191.558   -36.40   27.52
 -57283.601   185.195   -22.01   22.31
 -56994.453   186.868     5.79   26.13
 -56705.284   195.387    29.46   31.62
 -56416.091   206.857    39.66   31.19
 -56126.876   218.159    39.08   25.90
 -55837.638   226.242    27.94   19.57
 -55548.377   230.483    14.66   13.18
 -55259.094   231.912     4.94   10.38
 -54969.787   231.065    -2.93    8.13
 -54680.459   230.964    -0.35    8.44
 -54391.107   232.728     6.10    9.01
 -54101.733   234.426     5.87   10.83
 -53812.336   236.967     8.78   12.37
 -53522.916   241.583    15.95   13.84
 -53233.473   247.789    21.44   13.59
 -52944.008   253.231    18.80   13.06
 -52654.520   257.702    15.45   12.29
 -52365.009   260.982    11.33   11.41
 -52075.475   262.693     5.91   11.34
 -51785.918   263.997     4.50   13.00
 -51496.339   267.160    10.92   14.36
 -51206.737   268.460     4.49   15.31
 -50917.112   269.252     2.73   15.57
 -50627.464   269.195    -0.20   15.60
 -50337.794   268.143    -3.63   14.83
 -50050.315   266.167    -6.87   15.76
 -49765.408   261.815   -15.27   16.89
 -49480.479   256.993   -16.92   16.13
 -49195.528   252.648   -15.25   15.72
 -48910.555   248.061   -16.10   15.32
 -48625.560   243.537   -15.87   15.46
 -48340.544   238.480   -17.74   16.19
 -48055.506   232.799   -19.93   16.45
 -47770.446   227.065   -20.12   15.56
 -47485.364   222.480   -16.08   14.79
 -47200.261   220.053    -8.51   14.93
 -46915.136   219.415    -2.24   16.47
 -46629.989   218.582    -2.92   18.05
 -46344.820   217.749    -2.92   19.78
 -46059.629   217.937     0.66   20.18
 -45774.416   217.037    -3.16   20.16
 -45489.182   213.893   -11.02   20.09
 -45203.926   208.681   -18.27   21.35
 -44918.648   201.804   -24.11   20.23
 -44633.348   199.395    -8.44   19.51
 -44348.026   200.363     3.39   21.55
 -44062.683   202.160     6.30   24.39
 -43777.317   204.524     8.29   27.09
 -43491.930   207.776    11.39   27.89
 -43206.521   212.099    15.14   26.16
 -42921.090   216.110    14.05   24.81
 -42635.637   219.191    10.80   24.04
 -42350.162   222.735    12.41   22.44
 -42064.665   226.637    13.67   20.61
 -41779.147   231.170    15.87   18.49
 -41493.606   236.308    17.99   17.52
 -41208.044   241.660    18.74   15.64
 -40922.460   244.537    10.07   14.39
 -40636.853   244.458    -0.28   14.95
 -40351.225   242.815    -5.75   14.46
 -40065.575   241.572    -4.35   13.63
 -39779.903   239.465    -7.38   13.61
 -39494.209   236.039   -11.99   13.80
 -39208.493   232.104   -13.77   14.17
 -38922.756   227.143   -17.36   16.00
 -38636.996   221.182   -20.86   17.78
 -38351.214   216.087   -17.83   17.62
 -38065.410   212.514   -12.50   17.45
 -37779.585   209.815    -9.44   18.26
 -37493.737   207.963    -6.48   18.76
 -37207.867   207.354    -2.13   20.03
 -36921.976   207.963     2.13   20.85
 -36636.062   209.441     5.17   21.04
 -36350.126   209.626     0.65   20.89
 -36064.169   209.482    -0.50   20.32
 -35778.189   208.278    -4.21   19.83
 -35492.187   205.851    -8.49   21.46
 -35206.164   199.871   -20.91   21.57
 -34920.118   196.550   -11.61   21.98
 -34634.050   193.357   -11.16   22.13
 -34347.960   190.374   -10.43   22.50
 -34061.849   190.952     2.02   23.21
 -33775.715   190.734    -0.76   22.82
 -33489.559   190.011    -2.53   21.51
 -33203.381   189.267    -2.60   20.62
 -32917.181   186.795    -8.64   20.72
 -32630.959   182.155   -16.21   21.06
 -32344.715   174.494   -26.76   21.85
 -32058.448   165.594   -31.09   21.00
 -31772.160   155.945   -33.70   20.96
 -31485.850   145.967   -34.85   20.92
 -31199.517   135.475   -36.64   19.11
 -30913.162   127.582   -27.56   16.00
 -30626.786   121.379   -21.66   12.94
 -30340.387   117.716   -12.79    9.88
 -30053.966   117.694    -0.08   13.48
 -29767.523   122.297    16.07   20.99
 -29481.058   131.454    31.97   30.15
 -29194.570   142.505    38.57   35.42
 -28908.061   152.604    35.25   35.67
 -28621.529   163.411    37.71   32.12
 -28334.976   171.538    28.36   26.59
 -28048.400   175.896    15.21   20.61
 -27761.802   176.660     2.67   19.56
 -27475.181   174.604    -7.17   19.76
 -27188.539   172.430    -7.58   20.24
 -26901.874   169.217   -11.21   22.96
 -26615.188   166.934    -7.96   24.10
 -26328.479   166.033    -3.14   22.83
 -26041.748   168.121     7.28   21.77
 -25754.994   168.505     1.34   20.27
 -25468.219   166.570    -6.75   19.80
 -25181.421   164.896    -5.84   19.48
 -24894.601   164.480    -1.45   20.63
 -24607.759   160.561   -13.66   22.88
 -24320.894   156.250   -15.03   22.82
 -24034.008   152.176   -14.20   21.89
 -23747.099   151.191    -3.43   22.32
 -23460.168   149.131    -7.18   21.51
 -23173.215   148.527    -2.10   21.83
 -22886.239   150.334     6.30   21.05
 -22599.241   148.885    -5.05   21.91
 -22312.221   144.278   -16.05   22.21
 -22025.179   139.822   -15.52   21.33
 -21738.114   139.540    -0.98   20.01
 -21451.027   140.670     3.94   18.71
 -21163.918   138.073    -9.05   17.61
 -20876.786   134.078   -13.91   19.09
 -20589.633   129.670   -15.35   20.91
 -20302.456   124.323   -18.62   23.38
 -20015.258   119.009   -18.50   23.12
 -19728.037   114.604   -15.33   21.70
 -19440.794   109.002   -19.50   20.58
 -19153.529   102.497   -22.65   21.60
 -18866.241    98.691   -13.25   23.03
 -18578.931   100.228     5.35   23.88
 -18291.599   103.224    10.43   23.42
 -18004.244   105.549     8.09   21.65
 -17716.867   107.087     5.35   19.97
 -17429.468   109.435     8.17   18.64
 -17142.046   113.626    14.58   15.69
 -16854.602   114.615     3.44   15.59
 -16567.135   113.088    -5.31   17.31
 -16279.647   110.007   -10.72   19.06
 -15992.135   107.778    -7.75   20.27
 -15704.602   103.789   -13.87   21.23
 -15417.046   100.126   -12.74   21.17
 -15129.467    97.334    -9.71   21.17
 -14841.866    93.749   -12.47   20.71
 -14554.243    88.253   -19.11   21.61
 -14266.597    82.517   -19.94   22.90
 -13978.929    74.333   -28.45   23.80
 -13691.239    63.153   -38.86   24.06
 -13403.526    49.626   -47.01   24.94
 -13115.791    37.426   -42.40   23.53
 -12828.033    27.862   -33.24   22.08
 -12540.253    19.278   -29.83   19.38
 -12252.450    11.937   -25.51   14.12
 -11964.625     7.854   -14.19    9.54
 -11676.777     5.387    -8.57    6.34
 -11388.907     4.474    -3.17    4.88
 -11101.014     4.039    -1.51    3.67
 -10813.099     4.517     1.66    3.64
 -10525.162     4.956     1.52    3.49
 -10237.202     5.133     0.61    3.34
  -9949.219     4.893    -0.83    3.21
  -9661.214     4.692    -0.70    3.19
  -9373.186     4.224    -1.63    3.27
  -9085.136     3.778    -1.55    3.42
  -8797.064     4.496     2.49    7.47
  -8508.969    11.289    23.58   20.33
  -8220.851    19.782    29.48   27.67
  -7932.711    23.604    13.27   27.38
  -7644.548    26.099     8.66   26.37
  -7356.363    27.171     3.72   24.21
  -7068.155    27.060    -0.39   22.15
  -6779.925    24.428    -9.13   20.61
  -6491.672    15.997   -29.25   13.65
  -6203.396    11.849   -14.39    9.28
  -5915.098     9.037    -9.75    4.28
  -5626.777     7.791    -4.32    1.57
  -5338.434     7.777    -0.05    1.53
  -5050.068     7.857     0.28    1.52
  -4761.680     7.771    -0.30    1.51
  -4473.269     7.684    -0.30    1.61
  -4184.835     7.638    -0.16    1.66
  -3896.379     7.537    -0.35    1.60
  -3607.900     7.471    -0.23    1.50
  -3319.398     7.312    -0.55    1.53
  -3030.874     7.220    -0.32    1.48
  -2742.327     7.176    -0.15    1.51
  -2453.758     7.053    -0.42    1.47
  -2165.166     6.906    -0.51    1.48
  -1876.551     6.661    -0.85    1.50
  -1587.914     6.388    -0.94    1.75
  -1299.254     5.406    -3.40    2.55
  -1010.571     4.115    -4.47    3.07
   -721.866     2.893    -4.23    3.18
   -433.137     1.782    -3.85    2.74
   -144.387     1.183    -2.07    2.73
    144.387     0.976    -0.72    2.91
    433.183     1.058     0.29    3.01
    722.002     1.795     2.55    3.48
   1010.843     2.661     3.00    3.75
   1299.708     3.286     2.16    3.88
   1588.595     3.806     1.80    3.68
   1877.504     4.638     2.88    3.34
   2166.437     5.200     1.94    2.72
   2455.392     5.547     1.20    2.09
   2744.370     5.673     0.43    1.56
   3033.371     5.399    -0.95    1.78
   3322.394     5.133    -0.92    2.05
   3611.440     4.945    -0.65    2.27
   3900.509     4.704    -0.83    2.63
   4189.601     4.479    -0.78    2.79
   4478.716     4.424    -0.19    2.96
   4767.853     4.301    -0.43    3.24
   5057.013     4.047    -0.88    3.43
   5346.196     4.013    -0.12    3.59
   5635.402     3.845    -0.58    3.59
   5924.630     3.719    -0.44    3.48
   6213.882     3.885     0.57    3.44
   6503.156     3.982     0.34    3.36
   6792.453     4.065     0.29    3.13
   7081.772     3.922    -0.49    2.95
   7371.115     4.208     0.99    2.65
   7660.480     4.737     1.83    2.63
   7949.869     4.857     0.41    2.62
   8239.280     4.926     0.24    2.64
   8528.714     5.098     0.60    2.77
   8818.171     5.493     1.36    2.62
   9107.651     6.088     2.05    2.78
   9397.153     6.278     0.66    2.82
   9686.679     6.093    -0.64    3.24
   9976.227     6.037    -0.19    3.49
  10265.798     5.964    -0.26    3.42
  10555.392     6.413     1.55    3.30
  10845.010     6.154    -0.90    3.19
  11134.649     6.013    -0.49    3.08
  11424.312     5.780    -0.80    3.17
  11713.998     5.249    -1.83    3.07
  12000.268     5.011    -0.83    3.04
  12285.147     5.222     0.74    3.12
  12570.049     5.469     0.87    3.01
  12854.972     6.166     2.44    2.82
  13139.917     6.637     1.66    2.30
  13424.883     7.077     1.54    1.78
  13709.872     7.471     1.38    1.35
  13994.882     7.570     0.35    1.27
  14279.915     7.511    -0.21    1.26
  14564.969     7.899     1.36    1.36
  14850.045     8.178     0.98    1.41
  15135.143     8.351     0.60    1.51
  15420.263     8.514     0.57    1.52
  15705.405     8.304    -0.74    1.87
  15990.568     8.660     1.25    2.81
  16275.754     8.365    -1.03    3.11
  16560.961     7.926    -1.54    3.22
  16846.191     8.009     0.29    3.39
  17131.442     9.776     6.20    9.15
  17416.715    12.143     8.30   14.64
  17702.010    14.930     9.77   19.10
  17987.327    16.081     4.04   19.83
  18272.666    17.312     4.31   20.41
  18558.027    17.570     0.90   20.33
  18843.410    19.013     5.06   22.77
  19128.815    18.456    -1.95   21.93
  19414.242    18.002    -1.59   21.53
  19699.690    17.930    -0.25   20.72
  19985.161    16.110    -6.38   17.55
  20270.654    15.346    -2.68   16.60
  20556.169    13.941    -4.92   13.69
  20841.705    11.408    -8.87    6.87
  21127.264    10.536    -3.06    4.56
  21412.845    10.435    -0.35    4.01
  21698.447    10.348    -0.31    3.64
  21984.072    10.593     0.86    3.17
  22269.719    10.404    -0.66    3.06
  22555.388    10.615     0.74    3.07
  22841.078    10.548    -0.24    3.00
  23126.791    10.868     1.12    3.26
  23412.526    11.323     1.59    3.73
  23698.283    11.672     1.22    3.86
  23984.062    11.707     0.12    3.95
  24269.863    11.704    -0.01    3.98
  24555.686    11.659    -0.16    4.11
  24841.531    11.835     0.62    4.25
  25127.398    11.649    -0.65    4.33
  25413.287    12.042     1.38    4.50
  25699.199    12.104     0.22    4.71
  25985.132    12.155     0.18    4.69
  26271.088    12.424     0.94    4.56
  26557.065    12.648     0.78    4.43
  26843.065    13.529     3.08    4.49
  27129.087    13.879     1.22    4.61
  27415.131    13.860    -0.07    4.35
  27701.197    14.363     1.76    4.19
  27987.285    14.798     1.52    4.08
  28273.395    14.571    -0.79    4.11
  28559.528    14.271    -1.05    3.99
  28845.682    14.004    -0.93    3.76
  29131.859    13.793    -0.74    3.63
  29418.058    13.571    -0.77    3.51
  29704.279    13.311    -0.91    3.25
  29990.522    12.777    -1.87    2.66
  30276.787    12.732    -0.15    2.48
  30563.075    12.615    -0.41    2.52
  30849.384    12.406    -0.73    2.78
  31135.716    12.514     0.38    2.88
  31422.070    13.249     2.56    3.12
  31708.446    13.517     0.94    3.22
  31994.845    13.871     1.23    3.37
  32281.265    14.518     2.26    3.35
  32567.708    14.913     1.38    3.27
  32854.173    15.191     0.97    2.83
  33140.661    15.560     1.29    2.25
  33427.170    15.716     0.55    1.67
  33713.702    15.767     0.18    1.73
  34000.256    15.852     0.29    1.65
  34286.832    16.105     0.88    1.66
  34573.431    16.293     0.66    1.48
  34860.051    16.594     1.05    1.47
  35146.694    16.923     1.15    1.40
  35433.359    17.267     1.20    1.13
  35720.047    17.264    -0.01    1.03
  36006.757    17.131    -0.46    1.56
  36293.489    17.168     0.13    1.75
  36580.243    17.196     0.10    1.79
  36867.020    17.339     0.50    1.88
  37153.819    17.496     0.55    1.78
  37440.640    17.571     0.26    1.64
  37727.484    17.604     0.12    1.48
  38014.349    17.833     0.80    1.32
  38301.238    17.959     0.44    1.37
  38588.148    18.190     0.80    1.51
  38875.081    18.371     0.63    1.61
  39162.036    18.604     0.81    1.75
  39449.014    18.802     0.69    1.74
  39736.013    19.121     1.11    1.70
  40023.036    19.126     0.02    1.68
  40310.080    19.376     0.87    1.63
  40597.147    19.413     0.13    1.54
  40884.236    19.336    -0.27    1.46
  41171.348    19.289    -0.16    1.50
  41458.482    19.474     0.64    1.47
  41745.638    19.615     0.49    1.54
  42032.817    19.793     0.62    1.59
  42320.018    19.865     0.25    1.41
  42607.242    20.067     0.70    1.26
  42894.488    20.243     0.61    1.21
  43181.756    20.389     0.51    1.23
  43469.047    20.670     0.98    1.29
  43756.361    20.871     0.70    1.29
  44043.696    21.226     1.24    1.24
  44331.054    21.582     1.24    1.30
  44618.435    21.713     0.46    1.35
  44905.838    22.045     1.16    1.43
  45193.263    22.131     0.30    1.45
  45480.711    22.246     0.40    1.57
  45768.182    22.371     0.44    1.62
  46055.675    22.572     0.70    2.13
  46343.190    22.726     0.54    2.26
  46630.728    22.941     0.75    2.09
  46918.288    23.196     0.89    1.94
  47205.871    23.561     1.27    1.91
  47493.476    24.033     1.64    1.73
  47781.104    24.337     1.06    1.72
  48068.754    24.540     0.70    1.81
  48356.427    24.693     0.53    1.65
  48644.122    24.824     0.46    1.57
  48931.840    25.056     0.81    1.77
  49219.580    25.443     1.35    1.93
  49507.343    25.560     0.41    1.95
  49795.129    25.593     0.11    1.93
  50082.936    25.895     1.05    1.94
  50370.767    26.780     3.08    2.88
  50658.620    29.304     8.77    7.74
  50946.496    35.507    21.55   15.69
  51234.394    45.300    34.02   25.13
  51522.315    57.267    41.57   30.56
  51810.258    67.882    36.86   31.37
  52098.224    78.637    37.35   29.99
  52386.212    89.780    38.69   24.55
  52674.224    97.582    27.09   17.96
  52962.257   101.300    12.91   15.14
  53250.314   100.974    -1.13   12.90
  53538.392    99.170    -6.26   11.04
  53826.494    97.271    -6.59   10.52
  54114.618    93.593   -12.76   10.60
  54402.765    89.744   -13.36   10.32
  54690.934    84.937   -16.68   10.10
  54979.126    80.224   -16.36    9.70
  55267.341    75.422   -16.66    9.76
  55555.579    70.496   -17.09   10.35
  55843.839    65.849   -16.12   10.26
  56132.121    62.231   -12.55    9.12
  56420.427    60.551    -5.83    9.07
  56708.755    62.749     7.62   14.74
  56997.105    71.735    31.17   24.20
  57285.479    82.949    38.89   27.86
  57573.875    91.322    29.04   25.50
  57862.294    96.242    17.06   20.92
  58150.735    97.037     2.76   17.40
  58439.199    95.432    -5.56   16.25
  58727.686    91.215   -14.62   16.13
  59016.196    88.430    -9.65   14.41
  59304.728    88.873     1.53   16.37
  59593.283    93.271    15.24   20.19
  59881.861    99.275    20.80   21.73
  60170.461   105.349    21.05   20.49
  60459.085   111.562    21.53   19.82
  60747.731   117.915    22.01   17.51
  61036.400   123.045    17.77   15.42
  61325.091   126.349    11.45   12.38
  61613.805   127.798     5.02   11.53
  61902.543   127.702    -0.33   11.00
  62191.302   126.526    -4.07   11.60
  62480.085   124.681    -6.39   11.31
  62768.891   124.137    -1.88   10.63
  63057.719   124.691     1.91   10.36
  63346.570   127.211     8.73   11.12
  63635.444   130.250    10.52   11.27
  63924.340   132.604     8.15   10.67
  64213.260   133.671     3.69   10.40
  64502.202   132.660    -3.50   13.00
  64791.167   128.159   -15.58   16.55
  65080.155   123.024   -17.77   18.05
  65369.166   116.456   -22.73   19.26
  65658.200   110.260   -21.44   19.45
  65947.256   105.485   -16.52   18.79
  66236.336   101.915   -12.35   18.52
  66525.438   100.537    -4.77   20.90
  66814.563    94.213   -21.88   28.03
  67103.711    83.658   -36.51   35.77
  67392.882    73.190   -36.20   39.22
  67682.076    60.924   -42.42   38.10
  67971.293    47.494   -46.44   30.17
  68260.532    37.237   -35.46   17.94
  68549.795    32.604   -16.02    8.57
  68839.080    31.846    -2.62    3.68
  69128.388    32.317     1.63    3.58
  69417.720    32.489     0.59    3.79
  69707.074    32.275    -0.74    3.99
  69996.451    32.344     0.24    4.51
  70285.851    32.514     0.59    5.24
  70575.274    32.758     0.84    5.90
  70864.720    32.895     0.47    6.24
  71154.189    33.583     2.38    7.01
  71443.680    34.200     2.13    7.65
  71733.195    34.809     2.10    7.92
  72022.733    35.352     1.87    7.95
  72312.294    36.728     4.75    7.88
  72601.878    38.428     5.87    7.87
  72891.484    39.303     3.02    8.06
  73181.114    39.992     2.38    8.71
  73470.767    39.927    -0.22    8.85
  73760.443    39.594    -1.15    9.20
  74045.594    39.538    -0.19    9.08
  74330.468    38.907    -2.21    8.93
  74615.365    39.104     0.69    9.16
  74900.283    38.647    -1.60    8.94
  75185.223    38.510    -0.48    9.13
  75470.185    38.041    -1.65    9.10
  75755.169    37.072    -3.40    7.81
  76040.174    36.286    -2.76    6.06
  76325.202    36.015    -0.95    4.73
  76610.252    35.626    -1.36    3.85
  76895.324    35.452    -0.61    3.98
  77180.417    35.539     0.31    4.42
  77465.533    39.061    12.35   17.53
  77750.670    45.000    20.83   28.18
  78035.830    54.110    31.95   36.96
  78321.011    62.692    30.10   41.69
  78606.215    71.761    31.80   44.96
  78891.440    84.537    44.79   47.50
  79176.688    96.334    41.36   45.21
  79461.957   111.047    51.58   39.12
  79747.249   119.315    28.98   32.81
  80032.562   126.760    26.09   29.32
  80317.898   133.537    23.75   28.06
  80603.255   139.997    22.64   28.39
  80888.635   149.337    32.73   27.99
  81174.037   158.904    33.52   26.36
  81459.460   168.560    33.83   21.58
  81744.906   175.334    23.74   17.89
  82030.374   179.195    13.52   15.75
  82315.863   181.915     9.53   14.07
  82601.375   183.082     4.09   11.91
  82886.909   182.009    -3.76    9.91
  83172.465   179.582    -8.50    9.61
  83458.043   176.435   -11.02   11.34
  83743.643   172.404   -14.12   13.36
  84029.266   166.226   -21.63   15.57
  84314.910   159.036   -25.18   15.95
  84600.576   154.337   -16.45   15.38
  84886.265   152.851    -5.20   14.67
  85171.975   150.952    -6.65   14.75
  85457.708   147.670   -11.49   14.77
  85743.463   143.319   -15.23   17.22
  86029.240   141.915    -4.91   17.48
  86315.039   141.692    -0.78   18.06
  86600.860   141.860     0.59   19.51
  86886.704   144.198     8.18   20.18
  87172.569   145.956     6.15   19.42
  87458.457   146.820     3.02   17.62
  87744.367   148.349     5.35   16.20
  88030.299   148.909     1.96   15.23
  88316.253   150.068     4.05   13.89
  88602.229   151.966     6.64   12.83
  88888.228   154.496     8.84   11.45
  89174.248   156.837     8.19   10.75
  89460.291   158.160     4.62   10.54
  89746.356   157.242    -3.21   11.69
  90032.444   154.934    -8.07   13.83
  90318.553   151.594   -11.67   17.08
  90604.685   149.179    -8.44   19.12
  90890.839   147.191    -6.95   19.14
  91177.015   144.671    -8.81   17.81
  91463.213   143.165    -5.27   17.05
  91749.434   144.121     3.34   16.10
  92035.677   145.317     4.18   15.38
  92321.942   148.413    10.82   16.12
  92608.229   153.275    16.98   18.07
  92894.539   161.571    28.98   22.14
  93180.871   171.890    36.04   24.52
  93467.225   182.952    38.63   27.08
  93753.601   194.700    41.03   28.65
  94040.000   206.584    41.50   29.44
  94326.421   219.067    43.59   30.42
  94612.864   231.949    44.97   32.14
  94899.330   243.475    40.24   33.22
  95185.817   254.060    36.95   30.78
  95472.328   257.648    12.52   27.22
  95758.860   255.231    -8.44   28.23
  96045.415   246.319   -31.10   34.49
  96331.992   230.747   -54.34   41.08
  96618.591   211.357   -67.66   44.56
  96905.213   191.039   -70.89   43.25
  97191.857   169.571   -74.90   36.05
  97478.523   155.485   -49.14   27.73
  97765.212   148.750   -23.49   21.80
  98051.923   148.104    -2.25   19.86
  98338.657   150.182     7.25   19.71
  98625.413   156.004    20.31   20.38
  98912.191   164.849    30.84   19.75
  99198.991   175.683    37.78   16.95
  99485.814   183.882    28.59   16.92
  99772.660   188.808    17.18   16.64
 100059.527   192.042    11.27   17.95
 100346.418   192.726     2.38   19.35
 100633.330   191.885    -2.93   21.58
 100920.265   189.312    -8.97   25.65
 101207.222   184.537   -16.64   25.60
 101494.202   180.771   -13.13   24.34
 101781.204   179.026    -6.08   22.02
 102068.229   177.346    -5.86   22.82
 102355.276   177.346     0.00   25.58
 102642.346   179.360     7.02   28.34
 102929.438   184.071    16.41   29.48
 103216.552   185.249     4.10   29.06
 103503.689   183.349    -6.62   26.17
 103790.848   178.896   -15.51   22.84
 104078.030   176.110    -9.70   20.89
 104365.234   173.537    -8.96   17.98
 104652.461   172.693    -2.94   15.20
 104939.710   172.915     0.77   14.39
 105226.982   175.693     9.67   16.57
 105514.276   179.132    11.97   19.04
 105801.593   185.126    20.86   22.55
 106088.932   193.660    29.70   29.11
 106376.294   203.514    34.29   35.67
 106663.678   215.682    42.34   40.14
 106951.085   227.671    41.72   41.39
 107238.515   236.337    30.15   39.81
 107525.966   243.082    23.46   37.95
 107813.441   247.415    15.08   36.35
 108100.938   250.422    10.46   32.79
 108388.457   254.919    15.64   29.41
 108675.999   262.160    25.18   29.71
 108963.564   266.357    14.60   29.06
 109251.151   267.747     4.83   28.34
 109538.761   265.209    -8.83   29.31
 109826.393   256.559   -30.07   32.15
 110114.048   243.264   -46.22   35.26
 110401.726   227.088   -56.23   36.10
 110689.426   210.341   -58.22   38.25
 110977.149   196.507   -48.09   38.45
 111264.894   184.648   -41.22   37.15
 111552.662   171.747   -44.83   33.86
 111840.453   161.615   -35.21   29.37
 112128.266   154.300   -25.42   28.06
 112416.102   148.735   -19.34   28.11
 112703.960   145.002   -12.97   26.16
 112991.842   140.067   -17.15   22.78
 113279.745   134.982   -17.66   21.54
 113567.672   126.724   -28.68   22.74
 113855.621   116.994   -33.79   26.42
 114143.593   106.528   -36.35   30.96
 114431.587    97.204   -32.38   34.24
 114719.604    90.045   -24.86   32.39
 115007.644    88.406    -5.69   30.92
 115295.706    88.809     1.40   31.70
 115583.792    91.963    10.95   31.56
 115871.899    97.830    20.37   32.04
 116160.030   107.637    34.04   30.21
 116448.183   119.428    40.92   23.59
 116736.359   126.941    26.07   21.68
 117024.558   134.583    26.52   22.54
 117312.779   142.897    28.85   22.66
 117601.024   149.594    23.24   20.44
 117889.290   154.213    16.03   17.11
 118177.580   155.637     4.94   14.48
 118465.893   153.572    -7.16   14.75
 118754.228   147.200   -22.10   19.28
 119042.586   135.053   -42.13   27.76
 119330.966   124.881   -35.27   28.34
 119619.370   118.833   -20.97   25.96
 119907.796   114.849   -13.81   25.50
 120196.245   114.746    -0.36   26.57
 120484.717   117.952    11.12   28.40
 120773.211   125.647    26.67   30.11
 121061.729   135.903    35.55   27.33
 121350.269   145.594    33.59   23.70
 121638.832   153.982    29.07   18.64
 121927.418   160.441    22.39   17.93
 122216.027   165.477    17.45   17.35
 122504.658   170.136    16.14   15.32
 122793.313   173.520    11.72   13.42
 123081.990   174.497     3.39   14.04
 123370.690   174.417    -0.28   15.61
 123659.413   174.374    -0.15   16.23
 123948.158   175.307     3.23   16.40
 124236.927   176.928     5.61   16.80
 124525.718   180.434    12.14   15.62
 124814.533   182.809     8.22   14.64
 125103.370   184.989     7.55   13.92
 125392.230   187.865     9.96   14.80
 125681.113   193.360    19.02   19.37
 125970.019   202.251    30.78   27.45
 126258.948   213.775    39.89   33.50
 126547.899   222.387    29.81   35.21
 126836.874   232.171    33.86   37.00
 127125.872   243.833    40.36   38.37
 127414.892   249.785    20.60   37.65
 127703.935   250.824     3.59   36.21
 127993.002   246.721   -14.20   36.04
 128282.091   242.561   -14.39   34.90
 128571.203   239.934    -9.09   33.05
 128860.338   236.180   -12.98   31.32
 129149.497   237.881     5.88   32.50
 129438.678   240.719     9.82   32.74
 129727.882   247.445    23.26   31.25
 130017.109   254.539    24.53   27.50
 130306.359   258.945    15.23   25.30
 130595.632   261.430     8.59   26.46
 130884.928   262.562     3.91   31.52
 131174.247   261.053    -5.22   35.15
 131463.589   260.020    -3.57   38.77
 131752.954   261.311     4.46   44.34
 132042.342   264.714    11.76   49.11
 132331.753   269.278    15.77   50.51
 132621.187   269.679     1.38   49.05
 132910.645   265.959   -12.85   47.60
 133200.125   260.498   -18.87   44.38
 133489.628   248.539   -41.31   36.47
 133779.154   234.960   -46.91   27.90
 134068.704   223.887   -38.25   24.88
 134358.276   217.051   -23.61   24.75
 134647.872   211.510   -19.14   22.29
 134937.490   207.945   -12.31   19.66
 135227.132   203.702   -14.65   16.30
 135516.797   198.724   -17.19   14.41
 135805.648   195.400   -11.51   15.34
 136090.478   194.078    -4.64   14.65
 136375.330   196.184     7.39   15.65
 136660.205   199.357    11.14   18.07
 136945.101   201.239     6.61   19.04
 137230.019   203.927     9.44   19.02
 137514.960   209.430    19.32   16.36
 137799.922   214.604    18.16   14.13
 138084.906   219.884    18.53   16.73
 138369.912   224.472    16.10   21.07
 138654.941   230.715    21.91   23.42
 138939.991   238.749    28.19   23.64
 139225.063   248.726    35.00   24.37
 139510.157   259.337    37.22   25.14
 139795.274   268.604    32.51   29.48
 140080.412   274.357    20.18   34.33
 140365.573   272.049    -8.10   38.92
 140650.755   273.137     3.82   42.48
 140935.960   282.319    32.19   46.23
 141221.186   291.571    32.44   53.93
 141506.435   301.121    33.48   59.32
 141791.706   319.904    65.85   64.52
 142076.998   340.649    72.72   69.92
 142362.313   368.993    99.36   72.89
 142647.650   407.871   136.27   76.43
 142933.009   443.737   125.70   77.10
 143218.390   475.088   109.87   66.43
 143503.794   490.735    54.83   50.39
 143789.219   492.110     4.82   45.38
 144074.666   482.235   -34.60   58.61
 144360.136   462.379   -69.56   74.80
 144645.628   435.956   -92.56   81.04
 144931.141   400.485  -124.25   77.43
 145216.677   359.735  -142.73   67.72
 145502.236   333.007   -93.61   64.30
 145787.816   308.956   -84.23   64.04
 146073.418   287.230   -76.08   60.04
 146359.043   268.605   -65.22   53.41
 146644.689   248.207   -71.42   44.22
 146930.358   230.571   -61.74   33.33
 147216.049   218.766   -41.33   23.98
 147501.763   211.339   -26.00   19.79
 147787.498   204.022   -25.61   16.05
 148073.256   199.217   -16.81   10.66
 148359.035   197.354    -6.52    8.77
 148644.837   197.235    -0.42    8.49
 148930.662   200.039     9.81   11.62
 149216.508   208.360    29.11   20.65
 149502.377   222.024    47.80   31.56
 149788.267   241.354    67.62   45.98
 150074.180   263.777    78.43   54.80
 150360.116   281.354    61.48   56.89
 150646.073   297.571    56.72   52.85
 150932.053   310.860    46.47   52.88
 151218.055   320.560    33.92   62.24
 151504.079   319.326    -4.31   71.53
 151790.126   312.515   -23.81   72.96
 152076.195   309.548   -10.37   66.64
 152362.286   313.758    14.72   61.96
 152648.399   322.769    31.50   60.77
 152934.535   329.604    23.89   58.93
 153220.693   335.282    19.84   58.66
 153506.873   340.304    17.55   58.82
 153793.075   342.220     6.69   57.57
 154079.300   341.253    -3.38   58.14
 154365.547   335.165   -21.27   53.14
 154651.817   326.862   -29.01   43.73
 154938.108   326.426    -1.52   38.32
 155224.422   333.971    26.35   41.28
 155510.759   349.571    54.49   48.07
 155797.118   366.826    60.26   50.78
 156083.499   378.920    42.23   49.42
 156369.902   384.275    18.70   52.77
 156656.328   390.659    22.29   54.67
 156942.776   397.228    22.94   55.07
 157229.246   403.137    20.63   51.36
 157515.739   410.626    26.14   53.38
 157802.255   419.039    29.37   59.43
 158088.792   442.540    82.03   73.99
 158375.352   470.072    96.09   82.33
 158661.935   499.486   102.65   85.40
 158948.539   530.376   107.79   81.79
 159235.167   561.966   110.23   69.69
 159521.816   587.017    87.40   53.46
 159808.488   600.670    47.63   45.67
 160095.183   601.839     4.08   52.46
 160381.899   593.952   -27.51   64.62
 160668.639   577.172   -58.53   78.81
 160955.400   551.881   -88.21   88.00
 161242.185   520.143  -110.68   88.45
 161528.991   488.376  -110.77   82.17
 161815.820   458.551  -103.99   78.06
 162102.672   425.376  -115.67   78.86
 162389.546   395.445  -104.35   70.42
 162676.442   379.224   -56.55   58.43
 162963.361   375.909   -11.56   51.47
 163250.303   384.303    29.26   53.14
 163537.266   404.278    69.62   66.54
 163824.253   435.615   109.21   79.99
 164111.262   475.050   137.42   86.34
 164398.293   518.325   150.79   90.19
 164685.347   555.820   130.64   87.62
 164972.423   590.094   119.41   72.27
 165259.522   608.802    65.17   60.82
 165546.644   610.325     5.30   68.51
 165833.788   605.022   -18.47   77.62
 166120.954   597.066   -27.71   81.79
 166408.143   583.549   -47.07   83.70
 166695.355   570.226   -46.39   74.64
 166982.589   574.165    13.71   67.51
 167269.846   594.560    71.01   74.37
 167557.125   630.893   126.49   85.71
 167844.427   670.715   138.63   94.60
 168131.751   707.428   127.79   92.05
 168419.098   733.404    90.41   72.40
 168706.468   743.485    35.08   54.54
 168993.860   737.215   -21.82   56.07
 169281.275   721.143   -55.93   61.72
 169568.712   698.560   -78.58   60.54
 169856.172   678.937   -68.27   51.07
 170143.655   667.132   -41.07   44.50
 170431.160   662.871   -14.82   40.98
 170718.688   655.049   -27.21   43.12
 171006.238   639.941   -52.55   52.38
 171293.811   614.912   -87.05   65.01
 171581.407   586.671   -98.21   66.84
 171869.025   563.110   -81.93   56.29
 172156.666   552.615   -36.49   48.96
 172444.330   559.537    24.07   60.57
 172732.016   580.253    72.02   72.93
 173019.726   600.088    68.95   72.40
 173307.457   611.835    40.83   68.51
 173595.212   603.297   -29.68   78.59
 173882.989   577.077   -91.12   95.19
 174170.788   540.637  -126.63   98.43
 174458.611   503.963  -127.44   82.74
 174746.456   470.485  -116.32   56.28
 175034.324   452.787   -61.49   33.33
 175322.215   444.594   -28.46   21.38
 175610.128   444.691     0.34   24.24
 175898.064   442.067    -9.11   26.25
 176186.023   438.542   -12.24   27.97
 176474.004   433.078   -18.98   27.73
 176762.009   430.035   -10.57   26.76
 177050.036   430.572     1.87   30.43
 177338.085   436.916    22.03   39.92
 177626.158   446.240    32.37   49.93
 177914.253   454.184    27.58   54.60
 178202.371   464.398    35.46   55.43
 178490.512   476.452    41.84   54.57
 178778.676   485.293    30.68   54.50
 179066.862   486.752     5.06   51.63
 179355.071   482.188   -15.84   48.38
 179643.303   476.583   -19.45   45.86
 179931.558   465.485   -38.51   44.99
 180219.836   452.185   -46.14   41.28
 180508.136   437.115   -52.28   33.95
 180796.460   424.928   -42.28   26.08
 181084.806   415.211   -33.70   22.16
 181373.175   408.724   -22.50   24.14
 181661.566   400.050   -30.08   29.59
 181949.981   395.509   -15.75   29.12
 182238.419   395.240    -0.93   27.91
 182526.879   396.679     4.99   29.21
 182815.362   399.594    10.10   32.69
 183103.868   405.088    19.05   38.23
 183392.397   410.830    19.90   39.32
 183680.949   416.647    20.16   38.28
 183969.524   419.752    10.76   36.23
 184258.121   417.337    -8.37   33.52
 184546.742   414.965    -8.22   32.34
 184835.385   415.382     1.45   31.98
 185124.051   417.524     7.42   29.54
 185412.741   419.955     8.42   24.90
