-332455.429   112.771     0.00    6.10
-332167.417   111.072    -5.90    5.83
-331879.382   109.787    -4.46    5.50
-331591.325   108.761    -3.56    5.21
-331303.246   108.299    -1.60    5.69
-331015.145   109.741     5.00    6.93
-330727.021   112.137     8.31    7.53
-330438.875   114.711     8.93    7.14
-330150.707   116.466     6.09    5.98
-329862.517   117.678     4.20    5.67
-329574.304   118.375     2.42    5.96
-329286.070   118.442     0.23    6.88
-328997.813   117.673    -2.67    7.89
-328709.533   116.227    -5.01    8.77
-328421.232   114.521    -5.91    9.15
-328132.908   113.195    -4.60    9.11
-327844.562   111.802    -4.83    8.39
-327556.194   110.476    -4.60    7.18
-327267.803   109.734    -2.57    5.83
-326979.390   109.881     0.51    5.26
-326690.955   111.363     5.14    5.76
-326402.498   113.664     7.98    6.51
-326114.018   116.642    10.32    6.99
-325825.516   120.011    11.67    7.28
-325536.991   123.511    12.13    7.50
-325248.445   127.121    12.51    7.38
-324959.876   130.454    11.55    7.09
-324671.284   133.926    12.02    6.55
-324382.670   136.558     9.12    5.58
-324094.034   138.704     7.43    4.23
-323805.376   140.218     5.24    3.61
-323516.695   141.488     4.40    3.04
-323227.992   142.352     2.99    2.71
-322939.267   142.897     1.89    2.70
-322650.519   142.765    -0.46    2.92
-322361.749   142.408    -1.23    3.49
-322072.956   141.955    -1.57    4.21
-321784.141   141.036    -3.18    5.02
-321495.304   139.792    -4.31    5.67
-321206.444   138.059    -6.00    6.04
-320917.562   136.146    -6.62    6.55
-320628.657   133.610    -8.77    7.58
-320339.730   130.974    -9.12    8.04
-320050.781   128.943    -7.03    6.99
-319761.809   128.036    -3.14    5.57
-319472.815   128.083     0.16    5.09
-319183.798   129.535     5.02    6.11
-318894.759   132.098     8.86    6.95
-318605.697   135.153    10.57    6.55
-318316.613   138.150    10.36    5.83
-318027.507   140.727     8.91    5.60
-317738.378   142.965     7.74    5.68
-317449.226   145.136     7.50    5.63
-317160.052   146.783     5.70    4.98
-316870.856   148.386     5.54    4.00
-316581.637   148.982     2.06    2.97
-316292.396   148.611    -1.28    3.01
-316003.132   147.465    -3.96    3.74
-315713.846   145.531    -6.68    4.57
-315424.537   143.231    -7.95    5.22
-315135.206   140.587    -9.14    5.56
-314845.852   137.611   -10.28    5.75
-314556.475   134.787    -9.76    6.24
-314267.076   131.787   -10.36    5.91
-313977.655   129.520    -7.83    5.11
-313688.211   128.731    -2.72    4.94
-313398.744   129.667     3.23    6.75
-313109.255   132.806    10.84    9.63
-312819.744   137.454    16.05   10.94
-312530.210   143.024    19.23   10.48
-312240.653   148.059    17.38    8.30
-311951.074   151.606    12.24    5.58
-311661.472   154.032     8.37    3.57
-311371.847   154.885     2.95    2.68
-311082.200   154.789    -0.33    3.48
-310794.510   153.313    -5.13    5.09
-310509.586   150.815    -8.76    6.76
-310224.641   147.711   -10.89    7.68
-309939.674   145.199    -8.81    7.45
-309654.685   143.811    -4.87    7.01
-309369.675   143.995     0.65    7.84
-309084.643   145.513     5.33    9.35
-308799.589   148.673    11.08   10.05
-308514.514   152.886    14.77    8.47
-308229.418   156.592    13.00    6.09
-307944.300   158.661     7.25    4.87
-307659.160   159.443     2.74    4.17
-307373.998   159.315    -0.45    3.99
-307088.815   157.850    -5.14    4.73
-306803.610   155.431    -8.48    6.12
-306518.384   151.956   -12.18    7.42
-306233.136   148.717   -11.35    7.26
-305947.866   146.467    -7.89    6.68
-305662.575   145.920    -1.92    7.14
-305377.262   146.978     3.71    8.80
-305091.927   149.362     8.35    9.98
-304806.571   152.385    10.59    9.72
-304521.193   155.193     9.84    7.71
-304235.794   156.329     3.98    5.68
-303950.372   155.667    -2.32    5.75
-303664.929   153.136    -8.87    7.14
-303379.465   149.699   -12.04    7.69
-303093.978   147.001    -9.45    6.82
-302808.470   145.652    -4.72    6.24
-302522.941   145.397    -0.90    6.77
-302237.389   146.337     3.29    7.65
-301951.816   148.054     6.01    7.78
-301666.221   148.993     3.29    7.34
-301380.604   148.277    -2.51    7.57
-301094.966   146.479    -6.29    7.94
-300809.306   144.512    -6.88    7.41
-300523.624   143.983    -1.85    7.10
-300237.920   144.836     2.98    8.15
-299952.195   147.184     8.22    9.94
-299666.448   151.022    13.43   11.88
-299380.679   156.218    18.18   13.32
-299094.888   161.142    17.23   13.55
-298809.076   165.653    15.78   12.21
-298523.242   170.124    15.64    9.74
-298237.386   173.995    13.54    7.93
-297951.508   176.949    10.33    5.85
-297665.609   178.606     5.80    4.95
-297379.687   179.373     2.68    4.57
-297093.744   179.693     1.12    3.72
-296807.779   179.328    -1.27    3.48
-296521.792   178.049    -4.47    4.00
-296235.784   175.734    -8.09    5.47
-295949.753   172.564   -11.08    7.08
-295663.701   168.829   -13.05    8.04
-295377.627   165.052   -13.20    8.08
-295091.531   161.627   -11.97    7.42
-294805.413   158.362   -11.41    6.69
-294519.274   155.329   -10.60    5.63
-294233.112   154.651    -2.37    5.64
-293946.929   155.931     4.47    8.77
-293660.724   159.253    11.60   11.95
-293374.497   162.842    12.54   13.07
-293088.248   168.298    19.05   13.41
-292801.977   174.453    21.50   12.54
-292515.684   180.341    20.56   10.01
-292229.369   184.120    13.19    8.45
-291943.033   186.198     7.25    7.72
-291656.675   187.251     3.68    6.95
-291370.294   188.622     4.79    6.30
-291083.892   189.454     2.90    5.72
-290797.468   190.027     2.00    5.29
-290511.022   190.285     0.90    4.48
-290224.554   189.802    -1.69    4.59
-289938.064   188.187    -5.64    6.52
-289651.552   185.953    -7.79    7.62
-289365.018   184.465    -5.19    7.41
-289078.462   183.653    -2.83    7.13
-288791.884   183.231    -1.47    6.98
-288505.285   183.731     1.74    6.76
-288218.663   185.231     5.23    6.00
-287932.019   187.231     6.98    3.43
-287645.354   187.804     2.00    1.99
-287358.666   187.231    -2.00    2.23
-287071.956   186.431    -2.79    2.52
-286785.225   185.454    -3.41    3.17
-286498.471   184.227    -4.28    3.91
-286211.696   182.798    -4.98    4.84
-285924.898   181.342    -5.07    5.23
-285638.078   180.263    -3.76    5.28
-285351.237   178.719    -5.38    5.36
-285064.373   177.780    -3.27    5.46
-284777.487   177.282    -1.74    5.69
-284490.580   176.827    -1.59    5.40
-284203.650   176.305    -1.82    5.58
-283916.698   175.742    -1.96    5.66
-283629.724   174.799    -3.28    5.85
-283342.728   173.204    -5.56    6.82
-283055.710   170.579    -9.14    7.82
-282768.670   167.690   -10.06    8.08
-282481.608   164.948    -9.55    7.31
-282194.524   162.749    -7.66    5.77
-281907.417   161.292    -5.08    3.83
-281620.289   161.234    -0.20    3.19
-281333.138   162.641     4.90    4.32
-281045.966   165.526    10.04    6.70
-280758.771   170.043    15.73    9.25
-280471.554   174.848    16.73   10.13
-280184.315   179.397    15.83    9.49
-279897.054   183.083    12.83    8.03
-279609.771   186.397    11.53    6.08
-279322.466   188.501     7.32    5.14
-279035.138   188.443    -0.20    6.25
-278747.789   186.613    -6.37    7.98
-278460.417   184.499    -7.35    8.48
-278173.023   183.765    -2.56    7.99
-277885.607   183.638    -0.44    6.66
-277598.169   182.338    -4.52    5.64
-277310.708   180.885    -5.06    5.78
-277023.226   179.769    -3.88    6.81
-276735.721   178.610    -4.03    7.91
-276448.194   176.265    -8.15    8.96
-276160.645   172.013   -14.78    9.08
-275873.074   167.199   -16.74    8.66
-275585.480   162.641   -15.85    8.91
-275297.864   157.829   -16.73    9.73
-275010.226   154.307   -12.24    9.74
-274722.566   152.249    -7.15    9.43
-274434.884   150.903    -4.68    9.00
-274147.179   150.673    -0.80    9.34
-273859.452   150.220    -1.57    9.27
-273571.703   150.206    -0.05    8.73
-273283.932   150.420     0.74    7.90
-272996.138   150.060    -1.25    7.62
-272708.322   149.038    -3.55    8.19
-272420.484   147.914    -3.90    8.78
-272132.624   146.531    -4.80    8.79
-271844.741   145.398    -3.94    8.74
-271556.836   144.398    -3.47    8.38
-271268.909   143.261    -3.95    7.73
-270980.960   141.386    -6.51    7.19
-270692.988   138.566    -9.79    7.62
-270404.994   135.139   -11.90    8.32
-270116.977   131.521   -12.56    8.67
-269828.939   128.206   -11.50    7.91
-269540.877   125.475    -9.48    6.68
-269252.794   122.836    -9.16    5.36
-268964.688   121.013    -6.32    4.25
-268676.560   119.233    -6.18    3.80
-268388.410   117.453    -6.18    4.20
-268100.237   115.531    -6.67    4.46
-267812.042   113.541    -6.90    4.58
-267523.825   111.475    -7.16    4.13
-267235.585   109.727    -6.07    3.63
-266947.323   108.318    -4.89    2.89
-266659.038   107.083    -4.28    2.34
-266370.732   106.209    -3.03    1.83
-266082.402   105.542    -2.31    1.88
-265794.051   104.960    -2.02    2.02
-265505.677   104.408    -1.91    2.08
-265217.280   103.838    -1.98    1.99
-264928.861   103.336    -1.74    2.04
-264640.420   102.855    -1.67    1.90
-264351.956   102.280    -1.99    1.72
-264063.470   101.873    -1.41    1.61
-263774.962   101.524    -1.21    1.46
-263486.431   101.283    -0.84    1.25
-263197.877   101.249    -0.12    1.21
-262909.302   101.068    -0.63    1.10
-262620.703   101.041    -0.09    1.15
-262332.083   101.144     0.36    1.24
-262043.439   101.215     0.25    1.25
-261754.774   101.141    -0.26    1.14
-261466.086   101.048    -0.32    1.18
-261177.375   101.134     0.30    1.20
-260888.642   101.257     0.43    1.15
-260599.886   101.338     0.28    1.16
-260311.108   101.490     0.52    1.11
-260022.308   101.571     0.28    1.15
-259733.485   101.645     0.25    1.12
-259444.639   101.813     0.58    1.12
-259155.771   101.953     0.48    1.10
-258866.880   102.150     0.68    1.22
-258577.967   102.453     1.05    1.57
-258289.032   103.167     2.47    2.20
-258000.074   104.144     3.38    3.05
-257711.093   105.545     4.85    4.05
-257422.090   107.218     5.79    4.41
-257133.064   109.187     6.81    4.62
-256844.015   111.298     7.30    5.39
-256554.944   114.475    10.99    7.23
-256265.851   118.829    15.06   10.60
-255976.735   123.701    16.85   13.60
-255687.596   128.532    16.71   15.65
-255398.435   133.397    16.82   16.32
-255109.251   137.161    13.01   16.03
-254820.045   138.782     5.60   16.65
-254530.815   138.563    -0.76   17.80
-254241.564   136.431    -7.37   18.30
-253952.290   133.409   -10.44   17.46
-253662.993   129.209   -14.52   14.35
-253373.673   126.662    -8.80   11.00
-253084.331   125.497    -4.02    8.52
-252794.966   125.942     1.54    8.11
-252505.579   126.764     2.84    7.89
-252216.169   127.131     1.27    7.05
-251926.736   127.775     2.23    6.84
-251637.281   129.298     5.26    7.40
-251347.803   130.948     5.70    8.14
-251058.302   133.144     7.58    9.17
-250768.779   136.083    10.15   10.46
-250479.233   139.726    12.58   11.72
-250189.664   144.670    17.07   12.49
-249900.072   148.931    14.71   12.55
-249610.458   152.838    13.49   11.73
-249320.821   156.753    13.51   10.02
-249031.162   159.949    11.03    8.01
-248744.744   162.181     7.79    5.84
-248459.839   163.147     3.39    5.56
-248174.913   163.753     2.13    6.37
-247889.965   164.339     2.06    7.00
-247604.995   165.761     4.99    6.63
-247320.003   167.338     5.53    6.30
-247034.990   169.024     5.91    6.30
-246749.955   170.902     6.59    6.39
-246464.899   173.327     8.50    6.25
-246179.820   175.834     8.79    5.63
-245894.720   178.730    10.16    5.45
-245609.599   181.316     9.07    5.20
-245324.455   183.397     7.30    6.23
-245039.290   185.545     7.53    7.24
-244754.103   188.098     8.95    7.01
-244468.895   190.052     6.85    6.80
-244183.664   192.121     7.25    4.64
-243898.412   193.385     4.43    3.47
-243613.138   193.559     0.61    3.97
-243327.843   193.632     0.25    4.27
-243042.526   193.862     0.81    4.26
-242757.186   194.880     3.57    4.71
-242471.826   196.673     6.28    5.71
-242186.443   198.811     7.49    7.15
-241901.039   202.056    11.37    8.49
-241615.612   205.465    11.94    8.57
-241330.164   208.041     9.02    8.92
-241044.695   210.477     8.53   10.65
-240759.203   214.193    13.01   12.92
-240473.690   217.408    11.26   13.29
-240188.154   218.455     3.66   13.09
-239902.597   217.583    -3.05   12.40
-239617.019   215.955    -5.70   12.10
-239331.418   214.776    -4.13   11.69
-239045.795   212.696    -7.28   12.91
-238760.151   209.362   -11.67   13.59
-238474.485   206.227   -10.97   13.70
-238188.797   203.806    -8.47   13.25
-237903.087   203.845     0.14   12.90
-237617.355   206.339     8.73   14.85
-237331.602   207.999     5.81   16.11
-237045.826   210.373     8.31   17.18
-236760.029   214.838    15.62   19.76
-236474.210   217.408     8.99   19.99
-236188.369   220.664    11.39   19.85
-235902.506   224.193    12.34   19.34
-235616.621   229.443    18.36   20.32
-235330.714   235.079    19.71   20.53
-235044.785   239.533    15.58   20.80
-234758.835   245.363    20.38   22.19
-234472.862   252.362    24.47   24.00
-234186.868   257.397    17.60   24.50
-233900.852   263.753    22.22   25.31
-233614.813   268.838    17.77   25.11
-233328.753   274.032    18.15   22.50
-233042.671   278.071    14.12   18.41
-232756.567   281.121    10.66   15.92
-232470.441   281.615     1.73   14.65
-232184.293   280.340    -4.45   14.77
-231898.123   279.670    -2.34   15.13
-231611.931   279.068    -2.10   15.45
-231325.717   279.852     2.74   14.40
-231039.481   281.213     4.75   12.22
-230753.223   281.466     0.89   11.27
-230466.943   279.926    -5.38   12.10
-230180.641   277.001   -10.21   13.43
-229894.317   272.013   -17.42   14.89
-229607.972   265.190   -23.82   15.25
-229321.604   260.222   -17.34   14.40
-229035.214   256.727   -12.20   13.43
-228748.802   254.158    -8.96   12.96
-228462.368   252.442    -5.99   13.27
-228175.912   249.431   -10.51   14.27
-227889.434   246.318   -10.87   14.20
-227602.934   244.420    -6.62   13.37
-227316.412   244.431     0.04   14.20
-227029.868   244.822     1.36   13.83
-226743.301   243.536    -4.49   11.93
-226456.713   241.804    -6.04   10.82
-226170.103   241.152    -2.27   10.08
-225883.470   239.581    -5.48   10.42
-225596.816   237.341    -7.81   10.71
-225310.139   234.253   -10.77   10.54
-225023.440   230.555   -12.90   10.47
-224736.720   226.661   -13.58   10.89
-224449.977   222.536   -14.38   11.21
-224163.212   219.036   -12.20   10.26
-223876.424   215.585   -12.03    8.60
-223589.615   212.444   -10.95    6.70
-223302.784   210.537    -6.64    5.22
-223015.930   209.167    -4.78    4.64
-222729.055   208.937    -0.80    5.72
-222442.157   209.555     2.15    7.95
-222155.237   210.798     4.33   10.82
-221868.295   212.364     5.46   13.23
-221581.331   213.398     3.60   14.51
-221294.344   214.712     4.58   15.60
-221007.336   215.753     3.63   16.23
-220720.305   215.249    -1.75   15.90
-220433.252   214.795    -1.58   15.43
-220146.177   215.477     2.38   14.97
-219859.080   216.251     2.70   14.54
-219571.960   217.009     2.64   13.98
-219284.819   217.980     3.38   13.29
-218997.655   218.959     3.41   12.05
-218710.469   220.064     3.85   10.79
-218423.261   220.753     2.40   10.11
-218136.030   219.987    -2.67   10.02
-217848.777   217.925    -7.17   10.65
-217561.502   213.498   -15.41   13.11
-217274.205   207.486   -20.92   14.97
-216986.886   202.892   -15.98   14.96
-216699.544   200.332    -8.91   13.76
-216412.180   198.497    -6.39   12.17
-216124.794   197.238    -4.38   11.16
-215837.385   198.730     5.19   12.60
-215549.955   201.420     9.36   13.40
-215262.502   205.042    12.60   13.40
-214975.026   207.681     9.18   13.20
-214687.529   208.969     4.48   12.66
-214400.009   208.789    -0.63   12.08
-214112.467   207.343    -5.03   11.83
-213824.902   205.211    -7.41   12.47
-213537.315   202.024   -11.08   13.58
-213249.706   198.858   -11.01   13.77
-212962.075   196.105    -9.57   12.76
-212674.421   194.734    -4.76   11.59
-212386.745   194.656    -0.27   10.77
-212099.047   195.848     4.14   10.61
-211811.326   196.887     3.61   10.13
-211523.583   198.120     4.28    8.99
-211235.817   198.018    -0.35    8.89
-210948.030   196.159    -6.46   10.52
-210660.219   192.760   -11.81   11.66
-210372.387   188.831   -13.65   11.15
-210084.532   186.124    -9.40    9.78
-209796.655   184.004    -7.36    8.23
-209508.755   181.772    -7.75    7.00
-209220.833   180.969    -2.79    6.70
-208932.889   181.013     0.15    7.09
-208644.922   181.684     2.33    7.84
-208356.932   182.793     3.85    8.64
-208068.921   183.753     3.33    8.97
-207780.887   184.453     2.43    8.84
-207492.830   184.531     0.27    8.21
-207204.751   183.809    -2.51    7.53
-206916.650   183.057    -2.61    6.69
-206628.526   182.563    -1.72    6.09
-206340.380   182.156    -1.41    5.60
-206052.211   181.701    -1.58    5.33
-205764.020   181.018    -2.37    5.33
-205475.806   180.352    -2.31    5.49
-205187.570   178.783    -5.44    5.30
-204899.312   176.583    -7.63    5.52
-204611.031   174.385    -7.62    5.68
-204322.727   172.673    -5.94    5.24
-204034.401   171.588    -3.76    4.43
-203746.053   171.431    -0.55    4.52
-203457.682   171.161    -0.93    4.67
-203169.288   171.397     0.82    5.32
-202880.872   171.792     1.37    5.72
-202592.434   171.558    -0.81    5.81
-202303.973   170.749    -2.80    5.64
-202015.489   170.707    -0.15    5.41
-201726.983   172.350     5.69    7.81
-201438.454   176.144    13.15   11.09
-201149.903   180.296    14.39   12.39
-200861.329   184.249    13.70   12.20
-200572.733   187.636    11.73   10.76
-200284.114   189.249     5.59    9.23
-199995.473   188.533    -2.48    9.61
-199706.809   185.908    -9.09   10.20
-199418.122   182.719   -11.05    9.04
-199129.413   180.167    -8.84    7.49
-198840.681   179.094    -3.71    6.81
-198551.927   179.822     2.52    8.62
-198263.150   181.897     7.18   12.44
-197974.350   186.109    14.58   16.94
-197685.528   191.038    17.06   20.16
-197396.684   197.431    22.13   21.73
-197107.816   203.978    22.66   20.83
-196818.926   209.338    18.55   18.24
-196530.014   213.155    13.21   14.65
-196241.078   216.144    10.34   11.25
-195952.120   215.282    -2.98   12.11
-195663.140   212.953    -8.06   14.08
-195374.136   210.420    -8.76   15.16
-195085.111   206.594   -13.24   15.81
-194796.062   202.244   -15.05   15.91
-194506.991   199.809    -8.42   16.80
-194217.897   197.564    -7.76   18.29
-193928.780   194.837    -9.43   19.96
-193639.641   191.782   -10.56   21.11
-193350.479   188.134   -12.61   21.88
-193061.294   187.311    -2.85   22.89
-192772.087   184.343   -10.26   22.43
-192482.857   179.795   -15.72   20.63
-192193.604   175.723   -14.07   17.89
-191904.329   173.195    -8.74   14.99
-191615.030   171.087    -7.29   12.32
-191325.709   169.931    -3.99   11.69
-191036.366   168.585    -4.65   11.20
-190746.999   167.224    -4.70   10.13
-190457.610   166.123    -3.80    9.47
-190168.198   164.739    -4.78    8.21
-189878.763   162.598    -7.40    5.45
-189589.306   161.678    -3.18    4.29
-189299.825   160.847    -2.87    3.27
-189010.322   160.475    -1.28    2.46
-188720.796   160.793     1.10    2.99
-188431.248   162.398     5.54    7.04
-188141.676   164.739     8.08   11.45
-187852.082   168.753    13.86   18.50
-187562.465   174.464    19.72   26.36
-187272.825   180.842    22.02   31.58
-186983.163   186.398    19.18   33.23
-186697.976   187.475     3.78   31.47
-186413.077   185.713    -6.18   29.04
-186128.156   184.618    -3.84   26.42
-185843.213   182.175    -8.57   24.09
-185558.248   179.098   -10.80   21.23
-185273.261   175.020   -14.31   16.58
-184988.253   173.231    -6.28   13.97
-184703.223   175.175     6.82   17.85
-184418.171   179.998    16.91   23.46
-184133.097   186.331    22.21   27.80
-183848.002   194.715    29.40   29.38
-183562.885   202.887    28.65   28.22
-183277.746   210.975    28.36   26.46
-182992.585   220.365    32.92   23.05
-182707.402   230.420    35.25   19.84
-182422.198   238.963    29.95   19.35
-182136.971   246.771    27.37   18.36
-181851.723   251.322    15.95   16.30
-181566.453   253.585     7.93   17.74
-181281.161   256.948    11.79   19.50
-180995.847   259.727     9.74   23.96
-180710.512   259.864     0.48   28.50
-180425.154   258.936    -3.25   32.67
-180139.775   254.257   -16.40   38.26
-179854.374   248.018   -21.86   42.27
-179568.951   243.637   -15.34   42.66
-179283.506   237.344   -22.04   42.18
-178998.039   226.541   -37.84   39.15
-178712.550   212.909   -47.74   34.92
-178427.039   200.667   -42.87   30.35
-178141.507   191.588   -31.79   26.76
-177855.952   184.563   -24.60   23.63
-177570.376   178.310   -21.89   11.96
-177284.778   181.333    10.58   18.98
-176999.158   191.539    35.73   35.49
-176713.515   203.007    40.14   43.07
-176427.851   213.844    37.93   46.40
-176142.165   225.520    40.86   48.06
-175856.457   238.352    44.91   48.15
-175570.727   249.420    38.73   47.52
-175284.975   253.431    14.03   47.19
-174999.202   250.996    -8.52   44.36
-174713.406   249.979    -3.56   39.54
-174427.588   252.233     7.89   34.49
-174141.748   255.376    11.00   31.30
-173855.886   262.151    23.70   29.14
-173570.003   268.266    21.39   29.61
-173284.097   278.218    34.80   30.62
-172998.169   288.251    35.09   29.84
-172712.219   296.173    27.70   30.03
-172426.248   306.178    34.98   29.21
-172140.254   317.087    38.14   28.91
-171854.238   328.365    39.43   28.50
-171568.200   340.277    41.64   25.40
-171282.140   348.409    28.42   21.09
-170996.059   351.123     9.49   19.21
-170709.955   346.263   -16.99   27.00
-170423.829   336.431   -34.36   35.41
-170137.681   326.218   -35.69   38.34
-169851.510   319.332   -24.06   39.23
-169565.318   314.898   -15.49   40.28
-169279.104   312.920    -6.91   43.88
-168992.868   318.876    20.81   48.22
-168706.609   325.811    24.22   48.69
-168420.329   327.333     5.31   44.57
-168134.026   324.642    -9.40   42.30
-167847.702   319.375   -18.39   39.27
-167561.355   316.622    -9.61   38.66
-167274.986   312.398   -14.75   39.67
-166988.595   306.739   -19.76   37.23
-166702.182   303.043   -12.90   35.57
-166415.747   301.822    -4.26   34.22
-166129.289   297.529   -14.99   27.79
-165842.810   293.768   -13.13   20.54
-165556.308   292.653    -3.89   16.59
-165269.784   295.779    10.91   18.56
-164983.238   302.038    21.84   22.37
-164696.670   309.519    26.10   24.01
-164410.080   317.387    27.45   24.71
-164123.467   326.237    30.87   24.80
-163836.833   334.409    28.51   23.18
-163550.176   340.699    21.94   19.77
-163263.497   344.497    13.24   17.45
-162976.796   346.098     5.58   17.07
-162690.073   345.072    -3.58   18.14
-162403.327   340.959   -14.34   20.24
-162116.559   331.300   -33.68   22.02
-161829.769   320.167   -38.81   24.07
-161542.957   307.850   -42.94   26.12
-161256.123   296.702   -38.86   24.08
-160969.266   287.865   -30.80   19.00
-160682.387   288.409     1.89   20.73
-160395.486   294.042    19.63   27.77
-160108.563   303.982    34.64   33.62
-159821.617   318.813    51.68   37.71
-159534.649   331.768    45.14   35.97
-159247.659   341.148    32.68   29.46
-158960.647   348.442    25.41   25.20
-158673.612   351.833    11.81   24.02
-158386.555   350.202    -5.68   25.40
-158099.476   346.311   -13.55   24.64
-157812.375   341.858   -15.51   20.35
-157525.251   343.015     4.03   20.38
-157238.105   347.982    17.29   23.78
-156950.937   355.724    26.96   26.79
-156663.746   363.087    25.63   27.72
-156376.533   371.485    29.24   27.83
-156089.298   379.105    26.52   25.68
-155802.040   382.925    13.30   25.94
-155514.760   384.728     6.27   26.28
-155227.458   386.105     4.79   25.87
-154940.133   387.847     6.06   25.62
-154652.786   390.198     8.18   26.22
-154365.417   395.043    16.86   27.86
-154078.025   401.581    22.75   28.58
-153790.611   410.887    32.37   30.15
-153503.174   421.047    35.35   30.45
-153215.716   429.893    30.77   29.81
-152928.234   437.046    24.88   30.51
-152640.731   440.622    12.44   31.63
-152353.205   439.959    -2.31   31.96
-152065.657   435.662   -14.94   31.08
-151778.086   426.366   -32.32   32.07
-151490.493   410.764   -54.24   37.82
-151202.877   391.072   -68.46   46.64
-150915.239   368.235   -79.38   52.82
-150627.579   344.246   -83.38   52.47
-150339.896   320.253   -83.39   45.80
-150052.191   300.364   -69.12   36.23
-149764.463   285.609   -51.27   23.97
-149476.713   277.980   -26.51   14.13
-149188.940   278.126     0.51   15.07
-148901.145   283.463    18.54   21.64
-148613.327   291.850    29.14   26.80
-148325.487   302.148    35.77   30.50
-148037.625   311.998    34.21   33.48
-147749.740   320.285    28.78   37.08
-147461.832   327.701    25.75   39.15
-147173.903   334.464    23.49   38.74
-146885.950   337.963    12.15   37.34
-146597.975   340.029     7.17   35.10
-146309.978   340.561     1.85   32.35
-146021.958   340.757     0.68   29.07
-145733.915   340.530    -0.79   27.37
-145445.850   342.453     6.68   28.18
-145157.763   349.236    23.54   30.90
-144869.653   355.764    22.66   31.47
-144581.520   362.486    23.32   31.28
-144293.365   371.181    30.17   32.34
-144005.187   382.355    38.77   32.72
-143716.987   395.529    45.71   34.35
-143428.764   406.552    38.24   34.55
-143140.519   419.798    45.95   32.92
-142852.251   433.859    48.77   31.62
-142563.960   445.739    41.20   28.99
-142275.647   454.287    29.64   25.88
-141987.312   459.675    18.69   24.41
-141698.953   462.161     8.62   26.37
-141410.572   460.622    -5.34   30.93
-141122.169   457.042   -12.41   33.26
-140833.743   454.453    -8.97   31.17
-140545.294   453.771    -2.36   27.39
-140256.823   456.420     9.18   23.73
-139968.329   459.387    10.28   19.91
-139679.812   462.020     9.13   15.88
-139391.273   461.293    -2.52   15.71
-139102.711   457.920   -11.69   20.25
-138814.126   451.711   -21.51   27.57
-138525.519   441.079   -36.83   32.44
-138236.889   431.757   -32.29   29.99
-137948.237   428.064   -12.79   26.48
-137659.562   430.909     9.85   28.21
-137370.864   437.903    24.22   30.07
-137082.143   445.908    27.72   31.48
-136793.400   457.993    41.85   30.07
-136504.634   470.926    44.78   27.02
-136215.845   483.466    43.42   26.14
-135927.034   496.999    46.85   27.61
-135638.200   510.164    45.57   28.26
-135349.343   522.198    41.65   27.48
-135060.463   532.693    36.33   25.10
-134771.561   541.280    29.72   22.45
-134482.636   547.746    22.37   18.77
-134193.688   552.600    16.80   14.31
-133904.718   554.363     6.10   13.83
-133615.725   553.181    -4.09   15.52
-133326.709   550.094   -10.68   17.92
-133037.670   545.465   -16.01   20.77
-132748.609   539.109   -21.99   23.15
-132459.524   530.522   -29.70   25.81
-132170.417   520.280   -35.42   27.41
-131881.287   508.772   -39.80   29.55
-131592.135   496.158   -43.62   30.54
-131302.959   485.206   -37.87   31.00
-131013.761   473.813   -39.39   29.73
-130724.540   463.532   -35.54   27.21
-130435.296   454.195   -32.28   25.02
-130146.029   442.995   -38.72   23.98
-129856.740   433.033   -34.43   22.65
-129567.427   426.442   -22.78   21.79
-129278.092   423.083   -11.61   22.78
-128988.734   423.783     2.42   27.62
-128699.353   425.375     5.50   29.87
-128409.950   423.942    -4.95   29.38
-128120.523   420.577   -11.62   28.89
-127831.074   414.489   -21.03   29.83
-127541.601   407.972   -22.51   28.62
-127252.106   399.352   -29.77   25.20
-126962.588   389.569   -33.78   18.85
-126673.047   381.779   -26.90   16.08
-126383.483   377.342   -15.32   15.96
-126093.896   374.202   -10.84   17.46
-125804.287   370.609   -12.41   17.52
-125514.654   366.937   -12.68   18.60
-125224.999   361.387   -19.16   18.73
-124936.267   355.853   -19.16   18.49
-124651.420   349.875   -20.98   17.75
-124366.550   344.542   -18.72   16.62
-124081.659   339.343   -18.25   16.03
-123796.746   334.739   -16.16   14.85
-123511.811   330.642   -14.38   13.19
-123226.854   327.330   -11.62   12.81
-122941.875   323.795   -12.40   12.71
-122656.875   321.908    -6.62   14.00
-122371.852   319.211    -9.46   14.01
-122086.808   317.261    -6.84   14.53
-121801.742   314.931    -8.17   14.29
-121516.654   312.387    -8.92   13.45
-121231.544   309.757    -9.22   12.22
-120946.412   307.852    -6.68   11.62
-120661.258   306.238    -5.66   11.06
-120376.082   304.959    -4.48   10.67
-120090.885   303.868    -3.83   10.94
-119805.665   305.011     4.01   14.16
-119520.424   306.970     6.87   19.62
-119235.161   307.238     0.94   21.58
-118949.875   307.128    -0.39   23.44
-118664.568   305.420    -5.99   22.09
-118379.239   304.511    -3.19   21.11
-118093.888   304.465    -0.16   22.02
-117808.515   307.738    11.47   26.45
-117523.120   315.824    28.33   35.80
-117237.703   322.779    24.37   40.32
-116952.264   331.240    29.64   43.35
-116666.803   337.022    20.25   42.40
-116381.320   337.727     2.47   38.79
-116095.815   335.656    -7.25   33.89
-115810.288   331.914   -13.10   30.97
-115524.739   329.408    -8.77   30.23
-115239.168   325.011   -15.40   30.74
-114953.576   321.798   -11.25   32.55
-114667.961   319.453    -8.21   34.67
-114382.324   319.658     0.72   36.09
-114096.665   320.245     2.05   35.46
-113810.984   317.094   -11.03   35.75
-113525.281   309.650   -26.05   34.56
-113239.556   301.102   -29.91   34.16
-112953.809   290.553   -36.91   32.89
-112668.040   279.431   -38.92   29.88
-112382.248   270.853   -30.01   24.27
-112096.435   263.831   -24.57   17.13
-111810.600   259.319   -15.78   13.76
-111524.742   258.387    -3.26   13.99
-111238.863   261.042     9.29   16.05
-110952.961   266.717    19.85   18.81
-110667.038   272.985    21.92   21.55
-110381.092   279.689    23.44   22.97
-110095.124   286.053    22.25   22.68
-109809.134   292.640    23.03   20.32
-109523.122   298.442    20.28   18.51
-109237.088   305.213    23.67   17.33
-108951.032   310.750    19.35   16.66
-108664.954   316.020    18.42   15.87
-108378.853   320.664    16.23   15.69
-108092.730   324.664    13.98   14.84
-107806.586   326.991     8.13   12.95
-107520.419   327.807     2.85   11.61
-107234.230   325.941    -6.52   13.17
-106948.018   323.302    -9.22   14.69
-106661.785   319.333   -13.86   15.38
-106375.529   314.387   -17.28   14.25
-106089.252   309.667   -16.48   14.24
-105802.952   304.009   -19.76   14.53
-105516.629   297.789   -21.72   14.82
-105230.285   293.058   -16.52   15.00
-104943.919   288.076   -17.40   13.56
-104657.530   283.527   -15.88   13.22
-104371.119   278.224   -18.51   11.31
-104084.686   273.341   -17.05    9.83
-103798.231   268.120   -18.23    9.83
-103511.753   262.192   -20.69   12.00
-103225.253   256.186   -20.96   13.55
-102938.731   250.753   -18.96   13.29
-102652.187   249.686    -3.72   16.02
-102365.620   252.119     8.49   20.71
-102079.032   255.706    12.51   23.76
-101792.421   262.195    22.64   27.33
-101505.787   269.244    24.59   26.56
-101219.132   280.420    38.98   25.58
-100932.454   289.904    33.08   21.76
-100645.754   292.867    10.33   21.78
-100359.031   292.173    -2.42   22.31
-100072.287   289.061   -10.85   23.64
 -99785.520   282.397   -23.24   25.87
 -99498.731   276.387   -20.96   26.70
 -99211.919   271.920   -15.57   23.17
 -98925.085   271.930     0.04   22.93
 -98638.229   275.291    11.71   26.21
 -98351.350   284.079    30.63   32.06
 -98064.450   294.365    35.85   32.89
 -97777.526   305.299    38.10   29.85
 -97490.581   315.139    34.29   27.03
 -97203.613   321.264    21.34   25.80
 -96916.623   326.420    17.96   23.45
 -96629.610   331.813    18.79   21.89
 -96342.575   338.845    24.50   19.26
 -96055.518   342.909    14.15   17.44
 -95768.439   345.112     7.67   15.77
 -95481.337   346.645     5.34   13.70
 -95194.212   346.464    -0.63   12.58
 -94907.065   342.887   -12.45   13.54
 -94619.896   336.871   -20.95   14.61
 -94332.705   329.845   -24.46   15.03
 -94045.491   324.452   -18.78   14.64
 -93758.254   320.497   -13.77   12.32
 -93470.995   317.820    -9.32    9.29
 -93183.714   316.553    -4.41    7.24
 -92896.411   317.651     3.82    6.67
 -92609.084   320.764    10.83    7.76
 -92321.736   324.920    14.46    8.29
 -92034.365   329.065    14.42    8.79
 -91746.972   333.123    14.12    9.55
 -91459.556   337.364    14.76    9.46
 -91172.117   341.822    15.51    9.00
 -90884.657   345.731    13.60    8.28
 -90597.173   348.376     9.20    7.34
 -90309.668   349.355     3.40    6.95
 -90022.139   349.334    -0.07    6.99
 -89734.589   349.277    -0.20    6.59
 -89447.016   349.198    -0.28    6.48
 -89159.420   348.936    -0.91    6.91
 -88871.802   350.309     4.77    8.03
 -88584.161   353.760    12.00   10.06
 -88296.498   358.721    17.24   11.81
 -88008.812   364.527    20.18   12.38
 -87721.104   369.552    17.46   11.20
 -87433.373   373.298    13.02   10.05
 -87145.620   374.237     3.26    9.98
 -86857.844   372.760    -5.13   12.62
 -86570.046   368.409   -15.12   15.86
 -86282.225   361.202   -25.04   19.61
 -85994.381   352.291   -30.96   23.40
 -85706.515   341.670   -36.89   25.81
 -85418.626   330.375   -39.23   27.12
 -85130.715   317.452   -44.88   27.69
 -84842.781   303.826   -47.32   26.01
 -84554.825   291.387   -43.20   23.17
 -84266.846   279.844   -40.08   21.82
 -83978.844   269.255   -36.76   20.53
 -83690.820   258.735   -36.52   18.84
 -83402.773   250.998   -26.86   17.15
 -83114.704   244.931   -21.06   14.76
 -82826.612   239.920   -17.39   13.62
 -82538.497   234.842   -17.62   11.58
 -82250.360   231.105   -12.97   11.69
 -81962.200   227.958   -10.92   11.83
 -81674.018   224.148   -13.22   13.29
 -81385.812   218.920   -18.14   16.91
 -81097.585   214.343   -15.88   18.50
 -80809.334   209.828   -15.66   19.55
 -80521.061   207.498    -8.08   19.20
 -80232.765   208.289     2.75   19.23
 -79944.446   208.968     2.35   20.12
 -79656.105   214.670    19.77   19.71
 -79367.741   222.153    25.95   18.02
 -79079.355   227.442    18.34   16.13
 -78790.946   230.205     9.58   13.03
 -78502.514   232.220     6.99   10.37
 -78214.059   234.811     8.98   11.02
 -77925.581   238.162    11.61   11.55
 -77637.081   241.876    12.87   13.18
 -77348.558   245.266    11.75   13.82
 -77060.013   248.353    10.70   13.64
 -76771.444   251.259    10.07   12.70
 -76482.853   253.409     7.45   12.98
 -76194.240   252.183    -4.25   16.19
 -75905.603   251.430    -2.61   17.34
 -75616.944   250.646    -2.72   16.70
 -75328.262   249.782    -2.99   15.53
 -75039.557   249.475    -1.06   15.98
 -74750.829   247.642    -6.35   18.30
 -74462.079   245.242    -8.31   20.87
 -74173.305   240.033   -18.04   23.38
 -73884.509   231.058   -31.07   26.56
 -73595.691   220.388   -36.94   28.93
 -73306.849   209.268   -38.50   31.06
 -73017.984   198.709   -36.55   32.38
 -72729.097   190.298   -29.11   28.40
 -72440.187   190.126    -0.59   27.43
 -72151.254   192.904     9.61   28.59
 -71862.299   198.473    19.27   29.28
 -71573.320   204.753    21.73   27.20
 -71284.319   212.942    28.33   20.91
 -70995.294   217.675    16.38   15.17
 -70706.247   216.653    -3.54   15.78
 -70417.177   210.822   -20.17   19.68
 -70128.084   205.452   -18.58   21.62
 -69838.969   200.707   -16.41   22.01
 -69549.830   195.861   -16.76   23.68
 -69260.668   193.257    -9.00   25.73
 -68971.484   191.353    -6.58   26.63
 -68682.277   192.211     2.97   26.72
 -68393.047   192.855     2.22   25.24
 -68103.793   187.867   -17.24   28.50
 -67814.517   177.725   -35.06   35.22
 -67525.219   167.388   -35.73   40.90
 -67235.897   161.289   -21.08   42.35
 -66946.552   158.218   -10.62   43.86
 -66657.184   158.815     2.07   44.07
 -66367.793   160.646     6.32   44.37
 -66078.380   165.452    16.61   47.99
 -65788.943   175.335    34.14   48.49
 -65499.484   188.839    46.65   43.47
 -65210.001   196.870    27.74   40.48
 -64920.496   201.622    16.41   38.31
 -64630.967   208.046    22.19   32.41
 -64341.416   213.807    19.89   22.92
 -64051.842   216.292     8.58   17.42
 -63762.244   218.165     6.46   12.18
 -63472.624   216.775    -4.80   11.54
 -63182.980   214.387    -8.24   10.44
 -62895.420   211.307   -10.71    9.42
 -62610.575   209.211    -7.36    8.56
 -62325.708   207.494    -6.03    8.71
 -62040.820   205.736    -6.17    8.73
 -61755.909   203.824    -6.71    9.40
 -61470.977   202.013    -6.36    9.70
 -61186.023   201.013    -3.51    9.77
 -60901.046   200.820    -0.68   10.03
 -60616.048   201.148     1.15   10.37
 -60331.028   201.409     0.92   10.53
 -60045.986   201.665     0.90   10.04
 -59760.922   201.637    -0.10    9.21
 -59475.836   200.200    -5.04    9.08
 -59190.728   197.979    -7.79    9.91
 -58905.598   194.592   -11.88   12.12
 -58620.446   189.753   -16.97   14.03
 -58335.272   184.353   -18.93   15.18
 -58050.076   180.442   -13.71   15.22
 -57764.858   176.068   -15.34   14.76
 -57479.618   174.287    -6.24   14.35
 -57194.357   172.398    -6.62   15.27
 -56909.073   171.364    -3.62   17.17
 -56623.767   170.802    -1.97   19.16
 -56338.439   169.409    -4.88   21.03
 -56053.089   166.791    -9.17   22.95
 -55767.717   165.353    -5.04   22.46
 -55482.323   166.622     4.45   22.62
 -55196.907   168.015     4.88   23.82
 -54911.469   168.153     0.48   24.88
 -54626.009   165.775    -8.33   25.80
 -54340.526   161.409   -15.30   27.80
 -54055.022   158.943    -8.64   28.62
 -53769.496   156.218    -9.54   28.65
 -53483.947   154.053    -7.58   28.72
 -53198.377   149.072   -17.44   28.40
 -52912.784   145.499   -12.51   26.73
 -52627.169   148.242     9.60   25.66
 -52341.533   151.131    10.11   24.40
 -52055.874   152.749     5.67   22.70
 -51770.193   150.342    -8.43   22.74
 -51484.490   144.787   -19.44   23.74
 -51198.765   140.709   -14.27   25.77
 -50913.017   132.793   -27.70   26.36
 -50627.248   123.409   -32.84   23.51
 -50341.456   115.321   -28.30   19.65
 -50055.643   112.804    -8.80   18.85
 -49769.807   112.936     0.46   17.63
 -49483.949   112.969     0.12   15.49
 -49198.068   112.046    -3.23   14.87
 -48912.166   110.909    -3.98   16.10
 -48626.242   110.356    -1.93   16.49
 -48340.295   109.376    -3.43   17.00
 -48054.326   106.365   -10.53   16.05
 -47768.335   103.453   -10.18   15.19
 -47482.322   101.300    -7.53   15.12
 -47196.286    97.813   -12.19   15.55
 -46910.229    93.784   -14.08   15.46
 -46624.149    89.579   -14.70   14.28
 -46338.047    87.800    -6.22   13.70
 -46051.923    89.042     4.34   16.82
 -45765.776    94.288    18.33   22.19
 -45479.608   100.269    20.90   25.04
 -45193.417   103.930    12.79   24.34
 -44907.204   106.494     8.96   22.65
 -44620.968   105.237    -4.39   23.19
 -44334.711   101.909   -11.63   23.56
 -44048.431    96.553   -18.71   22.62
 -43762.129    91.145   -18.89   19.47
 -43475.804    87.228   -13.68   18.39
 -43189.458    83.494   -13.04   17.48
 -42903.089    80.108   -11.82   19.51
 -42616.697    76.094   -14.02   21.99
 -42330.284    73.485    -9.11   24.30
 -42043.848    67.953   -19.31   25.08
 -41757.390    59.192   -30.58   25.07
 -41470.910    53.016   -21.56   23.88
 -41184.407    49.000   -14.01   23.11
 -40897.882    46.354    -9.24   22.01
 -40611.335    43.979    -8.29   21.20
 -40324.765    41.345    -9.19   19.94
 -40038.173    40.209    -3.96   19.43
 -39751.559    42.039     6.39   21.65
 -39464.922    45.020    10.40   25.01
 -39178.263    49.115    14.29   27.33
 -38891.581    52.541    11.95   28.32
 -38604.878    58.903    22.19   29.52
 -38318.152    65.742    23.85   29.09
 -38031.403    73.386    26.66   28.53
 -37744.632    77.542    14.49   27.69
 -37457.839    80.229     9.37   25.79
 -37171.024    77.364    -9.99   27.77
 -36884.186    75.131    -7.79   26.72
 -36597.325    73.898    -4.30   24.16
 -36310.443    72.045    -6.46   21.68
 -36023.537    69.198    -9.92   18.94
 -35736.610    68.521    -2.36   17.60
 -35449.660    68.842     1.12   15.08
 -35162.687    69.038     0.68   12.95
 -34875.692    68.184    -2.98   10.94
 -34588.675    67.187    -3.47    8.95
 -34301.635    65.487    -5.92    7.81
 -34014.573    62.442   -10.61    8.44
 -33727.489    58.109   -15.09    9.76
 -33440.382    53.631   -15.60   10.45
 -33153.252    48.693   -17.20   10.15
 -32866.100    44.064   -16.12    9.22
 -32578.925    40.109   -13.77    7.32
 -32291.729    36.820   -11.45    6.09
 -32004.509    33.209   -12.57    6.33
 -31717.267    29.397   -13.27    7.17
 -31430.003    26.142   -11.33    7.58
 -31142.716    22.858   -11.43    7.53
 -30855.406    20.060    -9.74    7.15
 -30568.074    17.109   -10.27    5.72
 -30280.720    14.645    -8.58    3.18
 -29993.343    12.982    -5.79    2.68
 -29705.943    12.009    -3.39    2.42
 -29418.521    11.431    -2.01    2.32
 -29131.077    10.863    -1.98    2.39
 -28843.610    10.184    -2.36    2.41
 -28556.120     9.498    -2.38    2.55
 -28268.608     8.656    -2.93    2.40
 -27981.073     7.975    -2.37    2.19
 -27693.516     7.509    -1.62    1.93
 -27405.936     7.242    -0.93    1.67
 -27118.333     6.826    -1.45    1.56
 -26830.708     6.587    -0.83    1.64
 -26543.060     6.159    -1.49    2.11
 -26255.390     5.750    -1.42    2.38
 -25967.697     5.376    -1.30    2.54
 -25679.982     4.420    -3.32    2.74
 -25392.243     3.717    -2.44    2.75
 -25104.483     1.820    -6.59    3.83
 -24816.699     0.090    -6.01    4.30
 -24528.893    -1.602    -5.88    4.22
 -24241.065    -1.354     0.86    5.25
 -23953.214    -0.141     4.22    6.43
 -23665.340     1.800     6.74    7.81
 -23377.443     4.409     9.06    7.93
 -23089.524     7.137     9.48    6.81
 -22801.582     9.642     8.70    5.05
 -22513.617    10.807     4.05    2.94
 -22225.630    10.375    -1.50    3.37
 -21937.620     9.495    -3.06    3.61
 -21649.588     8.346    -3.99    3.85
 -21361.532     6.861    -5.16    4.80
 -21073.454     5.257    -5.57    5.47
 -20785.354     3.300    -6.79    5.71
 -20497.230     1.804    -5.19    5.85
 -20209.084     0.474    -4.62    6.03
 -19920.916    -0.664    -3.95    5.96
 -19632.724    -1.867    -4.17    5.37
 -19344.510    -2.624    -2.62    4.53
 -19056.273    -3.009    -1.34    3.56
 -18768.013    -3.026    -0.06    2.51
 -18479.730    -2.516     1.77    2.74
 -18191.425    -1.991     1.82    2.83
 -17903.097    -1.463     1.83    2.85
 -17614.746    -1.091     1.29    2.86
 -17326.373    -0.756     1.16    2.80
 -17037.977    -0.504     0.87    2.69
 -16749.558    -0.453     0.18    2.60
 -16461.116    -0.275     0.62    2.69
 -16172.651    -0.293    -0.06    2.76
 -15884.163    -0.461    -0.58    2.75
 -15595.653    -0.669    -0.72    2.77
 -15307.120    -1.037    -1.27    2.61
 -15018.564    -1.261    -0.78    2.45
 -14729.986    -1.580    -1.11    2.16
 -14441.384    -1.899    -1.11    1.62
 -14152.760    -2.129    -0.79    1.24
 -13864.112    -2.283    -0.54    0.72
 -13575.442    -2.207     0.27    0.85
 -13286.749    -2.101     0.36    1.06
 -12998.034    -1.768     1.16    1.42
 -12709.295    -1.293     1.64    1.68
 -12420.533    -0.860     1.50    1.83
 -12131.749    -0.272     2.03    1.85
 -11842.942     0.310     2.02    1.74
 -11554.112     0.665     1.23    1.71
 -11265.259     1.087     1.46    1.63
 -10976.383     1.473     1.34    1.36
 -10687.484     1.699     0.78    1.08
 -10398.562     1.848     0.52    0.97
 -10109.618     1.936     0.30    0.92
  -9820.650     2.037     0.35    0.92
  -9531.660     2.024    -0.04    0.85
  -9242.646     2.079     0.19    0.80
  -8953.610     2.205     0.43    0.67
  -8664.551     2.321     0.40    0.58
  -8375.468     2.322     0.00    0.49
  -8086.363     2.377     0.19    0.36
  -7797.235     2.451     0.26    0.42
  -7508.084     2.441    -0.04    0.46
  -7218.910     2.431    -0.04    0.56
  -6929.713     2.453     0.08    0.73
  -6640.493     2.485     0.11    0.84
  -6351.250     2.547     0.22    0.88
  -6061.984     2.618     0.24    0.92
  -5772.695     2.611    -0.02    0.87
  -5483.383     2.572    -0.14    0.78
  -5194.048     2.629     0.20    0.66
  -4904.690     2.800     0.59    0.80
  -4615.309     2.930     0.45    0.92
  -4325.904     3.201     0.94    1.47
  -4036.477     3.196    -0.02    1.66
  -3747.027     3.126    -0.24    1.94
  -3457.554     2.914    -0.73    2.26
  -3168.058     2.876    -0.13    2.46
  -2878.538     2.930     0.19    2.69
  -2588.996     2.993     0.22    2.81
  -2299.431     2.856    -0.47    2.69
  -2009.842     2.822    -0.12    2.79
  -1720.230     2.742    -0.28    2.91
  -1430.596     2.420    -1.11    2.91
  -1140.938     2.026    -1.36    2.91
   -854.564     1.826    -0.70    2.72
   -569.740     1.941     0.40    2.70
   -284.894     1.887    -0.19    2.74
     -0.026     2.024     0.48    2.78
    284.863     2.376     1.23    2.83
    569.775     2.979     2.12    2.73
    854.709     3.518     1.89    2.48
   1139.664     4.072     1.95    2.20
   1424.642     4.539     1.64    1.75
   1709.642     4.728     0.66    1.25
   1994.663     4.620    -0.38    0.97
   2279.707     4.398    -0.78    0.96
   2564.773     4.409     0.04    0.97
   2849.861     4.240    -0.59    1.14
   3134.970     4.064    -0.62    1.19
   3420.102     4.004    -0.21    1.23
   3705.256     4.115     0.39    1.33
   3990.432     4.200     0.30    1.30
   4275.630     4.398     0.69    1.37
   4560.850     4.553     0.55    1.42
   4846.092     4.731     0.62    1.35
   5131.356     4.869     0.48    1.41
   5416.643     5.771     3.16    4.22
   5701.951     7.731     6.87    8.06
   5987.282    10.903    11.12   11.18
   6272.634    14.109    11.23   12.97
   6558.009    16.486     8.33   13.61
   6843.405    18.574     7.32   13.43
   7128.824    20.322     6.13   12.58
   7414.265    21.279     3.35   11.47
   7699.728    22.159     3.08   10.36
   7985.213    23.205     3.66    8.99
   8270.721    23.681     1.67    7.69
   8556.250    24.237     1.95    6.56
   8841.802    24.304     0.23    5.95
   9127.376    23.430    -3.06    5.50
   9412.972    22.387    -3.65    4.56
   9698.590    21.519    -3.04    3.76
   9984.230    20.876    -2.25    2.87
  10269.892    20.377    -1.75    2.48
  10555.577    19.920    -1.60    2.13
  10841.284    19.515    -1.42    1.58
  11127.013    19.387    -0.45    1.38
  11412.764    19.387     0.00    1.24
  11698.537    19.409     0.08    1.11
  11984.333    19.557     0.52    1.04
  12270.150    19.609     0.18    0.98
  12555.990    19.735     0.44    0.92
  12841.853    19.850     0.40    0.91
  13127.737    19.979     0.45    0.94
  13413.644    20.235     0.90    0.82
  13699.572    20.343     0.38    0.87
  13985.524    20.560     0.76    0.87
  14271.497    20.728     0.59    0.83
  14557.493    20.742     0.05    0.85
  14843.510    20.820     0.27    0.83
  15129.551    20.898     0.27    0.90
  15415.613    21.009     0.39    0.96
  15701.698    21.200     0.67    0.98
  15987.805    21.386     0.65    0.93
  16273.934    21.520     0.47    0.84
  16560.085    21.609     0.31    0.90
  16846.259    21.575    -0.12    0.86
  17132.455    21.675     0.35    0.86
  17418.674    21.842     0.58    0.94
  17704.914    21.948     0.37    0.97
  17991.177    21.998     0.17    0.98
  18277.463    22.013     0.05    1.14
  18563.770    22.031     0.06    1.28
  18850.100    22.050     0.07    1.31
  19136.453    21.920    -0.46    1.39
  19422.828    22.009     0.31    1.51
  19709.225    22.064     0.19    1.61
  19995.644    21.996    -0.24    1.58
  20282.086    22.233     0.83    1.78
  20568.550    22.637     1.41    2.01
  20855.037    22.957     1.12    2.03
  21141.545    23.409     1.58    2.13
  21428.077    23.942     1.86    2.20
  21714.630    24.304     1.26    2.03
  22001.206    24.601     1.04    1.87
  22287.805    24.561    -0.14    1.81
  22574.426    24.442    -0.42    1.65
  22861.069    24.561     0.42    1.44
  23147.735    24.675     0.40    1.34
  23434.423    25.045     1.29    1.45
  23721.133    25.536     1.71    1.64
  24007.866    25.931     1.38    1.60
  24294.622    26.288     1.25    1.45
  24581.400    26.665     1.31    1.31
  24868.200    26.946     0.98    1.16
  25155.023    27.094     0.52    1.13
  25441.868    27.122     0.10    1.18
  25728.736    27.279     0.55    1.23
  26015.626    27.574     1.03    1.33
  26302.539    27.803     0.80    1.37
  26589.474    27.868     0.23    1.38
  26876.431    27.904     0.13    1.28
  27163.412    27.931     0.09    1.28
  27450.414    27.947     0.06    1.15
  27737.439    27.855    -0.32    1.09
  28024.487    27.839    -0.05    1.01
  28311.557    27.811    -0.10    0.94
  28598.650    27.893     0.28    0.94
  28885.765    28.011     0.41    0.85
  29172.903    28.105     0.33    0.90
  29460.063    28.205     0.35    0.97
  29747.246    28.352     0.51    1.01
  30034.451    28.474     0.42    1.19
  30321.679    28.753     0.97    1.39
  30608.930    29.009     0.89    1.67
  30896.203    29.209     0.70    1.93
  31183.498    29.675     1.62    1.99
  31470.816    29.952     0.96    1.90
  31758.157    30.352     1.39    1.54
  32045.521    30.487     0.47    1.47
  32332.907    30.409    -0.27    1.37
  32620.315    30.266    -0.50    1.15
  32907.746    30.255    -0.04    1.10
  33195.200    30.235    -0.07    1.27
  33482.676    30.231    -0.01    1.31
  33770.176    29.853    -1.31    1.58
  34057.697    29.463    -1.36    1.73
  34345.241    29.167    -1.03    1.74
  34632.808    28.684    -1.68    1.72
  34920.398    28.195    -1.70    1.56
  35208.010    27.820    -1.30    1.60
  35495.645    27.364    -1.59    1.75
  35783.303    27.079    -0.99    1.88
  36070.983    26.695    -1.34    1.89
  36358.686    26.090    -2.10    1.71
  36646.411    25.542    -1.91    1.53
  36934.160    25.253    -1.00    1.44
  37221.931    25.002    -0.87    1.37
  37509.724    25.079     0.27    1.36
  37797.541    25.076    -0.01    1.26
  38085.380    25.518     1.54    2.11
  38373.241    26.398     3.06    3.35
  38661.126    27.518     3.89    3.90
  38949.033    28.529     3.51    4.06
  39236.963    29.667     3.95    3.84
  39524.916    30.882     4.22    3.54
  39812.891    31.775     3.10    2.83
  40100.889    32.046     0.94    2.37
  40388.910    32.346     1.04    2.10
  40676.954    32.830     1.68    2.08
  40965.020    33.388     1.93    1.74
  41253.110    33.603     0.75    1.63
  41541.222    33.376    -0.79    1.94
  41829.356    32.813    -1.95    2.34
  42117.514    32.076    -2.56    2.72
  42405.694    31.207    -3.02    2.81
  42693.897    30.289    -3.18    2.67
  42982.123    29.334    -3.32    2.15
  43270.372    28.728    -2.10    1.36
  43558.644    29.034     1.06    1.80
  43846.938    29.909     3.03    2.56
  44135.255    31.151     4.31    3.16
  44423.595    32.861     5.93    3.76
  44711.958    34.835     6.85    4.05
  45000.344    36.585     6.07    3.84
  45288.753    37.753     4.05    3.37
  45577.184    38.750     3.45    2.71
  45865.638    39.140     1.35    2.46
  46154.115    39.365     0.78    2.37
  46442.616    38.952    -1.43    2.56
  46731.138    38.462    -1.70    2.79
  47019.684    37.718    -2.58    2.58
  47308.253    36.947    -2.67    2.30
  47596.845    36.108    -2.91    2.02
  47885.459    35.323    -2.72    1.95
  48174.096    34.420    -3.13    1.94
  48462.757    34.175    -0.85    2.21
  48751.440    35.050     3.03    3.88
  49040.146    36.667     5.60    5.50
  49328.875    39.474     9.72    7.05
  49617.627    42.062     8.96    7.06
  49906.402    44.581     8.72    5.90
  50195.200    46.856     7.88    3.78
  50484.021    47.699     2.92    2.48
  50772.865    47.746     0.16    2.40
  51061.732    46.985    -2.63    2.31
  51350.621    46.507    -1.66    2.18
  51639.534    46.292    -0.74    2.25
  51928.470    46.333     0.14    2.32
  52217.429    46.485     0.53    2.38
  52506.410    46.506     0.07    2.21
  52795.415    46.659     0.53    1.79
  53084.443    46.828     0.59    1.67
  53373.493    46.892     0.22    1.68
  53662.567    47.175     0.98    1.93
  53951.664    47.365     0.66    2.20
  54240.784    47.931     1.96    2.55
  54529.926    48.909     3.38    2.74
  54819.092    50.164     4.34    2.78
  55108.281    51.131     3.34    2.18
  55397.493    51.629     1.72    1.70
  55686.728    51.264    -1.26    2.13
  55975.986    50.713    -1.90    2.54
  56265.267    50.175    -1.86    2.64
  56554.572    50.009    -0.58    2.60
  56843.899    50.007    -0.01    2.69
  57133.249    50.518     1.77    3.10
  57422.623    51.713     4.13    3.70
  57712.019    53.498     6.17    3.97
  58001.439    55.264     6.10    3.60
  58290.882    56.475     4.18    2.80
  58580.348    57.224     2.59    2.26
  58869.837    57.648     1.46    2.22
  59159.349    57.653     0.02    2.31
  59448.884    57.509    -0.50    2.63
  59738.443    57.320    -0.65    2.74
  60028.024    57.134    -0.64    2.99
  60317.629    56.864    -0.93    3.52
  60607.257    55.870    -3.43    4.54
  60896.908    54.116    -6.06    5.81
  61182.162    51.720    -8.40    6.35
  61466.986    48.640   -10.82    6.24
  61751.832    45.931    -9.51    5.45
  62036.700    43.487    -8.58    4.49
  62321.590    41.898    -5.58    3.57
  62606.502    41.020    -3.08    3.05
  62891.436    40.678    -1.20    2.48
  63176.392    40.539    -0.49    2.38
  63461.370    40.689     0.52    2.12
  63746.371    40.699     0.04    2.18
  64031.393    40.216    -1.70    2.70
  64316.438    39.388    -2.90    3.07
  64601.504    38.274    -3.91    3.13
  64886.593    37.143    -3.97    3.14
  65171.703    35.920    -4.29    2.88
  65456.836    34.796    -3.94    2.34
  65741.991    34.154    -2.25    2.07
  66027.168    33.597    -1.95    1.95
  66312.367    33.505    -0.32    1.89
  66597.588    33.506     0.00    2.04
  66882.832    33.904     1.39    2.25
  67168.097    34.689     2.75    2.70
  67453.385    35.633     3.31    2.85
  67738.694    36.452     2.87    2.83
  68024.026    37.310     3.01    2.83
  68309.380    38.618     4.58    3.33
  68594.756    39.753     3.98    3.83
  68880.155    40.475     2.53    4.04
  69165.575    39.942    -1.87    4.66
  69451.018    38.620    -4.63    5.20
  69736.483    37.298    -4.63    5.43
  70021.970    35.974    -4.64    5.10
  70307.479    34.289    -5.90    4.37
  70593.011    32.844    -5.06    2.95
  70878.564    32.320    -1.83    1.61
  71164.140    32.387     0.23    1.43
  71449.738    32.398     0.04    1.45
  71735.359    32.090    -1.08    1.54
  72021.001    32.137     0.16    1.56
  72306.666    31.991    -0.51    1.56
  72592.353    31.898    -0.33    1.53
  72878.062    32.207     1.08    1.64
  73163.793    32.441     0.82    1.75
  73449.547    32.803     1.27    1.79
  73735.323    33.570     2.69    1.85
  74021.121    34.097     1.84    1.94
  74306.942    34.579     1.69    2.07
  74592.784    35.055     1.66    2.16
  74878.649    35.718     2.32    2.33
  75164.537    36.710     3.47    2.69
  75450.446    39.387     9.36    6.50
  75736.378    43.557    14.58    9.81
  76022.332    47.764    14.71   11.04
  76308.309    51.994    14.79   10.77
  76594.308    55.675    12.87    9.26
  76880.329    58.058     8.33    6.70
  77166.372    59.689     5.70    3.33
  77452.438    58.962    -2.54    3.33
  77738.526    57.979    -3.44    3.34
  78024.637    57.508    -1.65    3.27
  78310.769    57.585     0.27    3.81
  78596.925    58.572     3.45    4.67
  78883.102    60.156     5.54    5.43
  79169.302    62.167     7.03    5.49
  79455.524    64.342     7.60    4.37
  79741.769    65.720     4.81    3.61
  80028.036    66.724     3.51    3.49
  80314.325    66.735     0.04    4.03
  80600.637    66.583    -0.53    4.14
  80886.971    66.864     0.98    4.14
  81173.327    67.150     1.00    3.94
  81459.706    67.968     2.86    3.94
  81746.108    69.002     3.61    3.90
  82032.531    70.279     4.46    4.23
  82318.978    71.942     5.81    3.99
  82605.446    73.042     3.84    3.97
  82891.937    74.130     3.80    4.55
  83178.451    75.333     4.20    4.84
  83464.987    76.567     4.31    5.19
  83751.545    77.807     4.33    5.47
  84038.126    79.441     5.70    6.10
  84324.729    81.167     6.02    6.27
  84611.355    82.576     4.92    6.63
  84898.003    83.775     4.18    6.33
  85184.674    84.431     2.29    6.00
  85471.367    84.867     1.52    6.18
  85758.083    84.595    -0.95    6.40
  86044.821    84.066    -1.85    6.69
  86331.581    82.803    -4.40    6.97
  86618.364    81.611    -4.15    7.72
  86905.170    79.725    -6.58    8.16
  87191.998    76.962    -9.64    7.71
  87478.849    73.757   -11.17    7.42
  87765.722    70.718   -10.59    6.88
  88052.618    68.452    -7.90    5.76
  88339.536    66.724    -6.02    4.60
  88626.477    67.230     1.76    6.14
  88913.441    68.909     5.85    8.55
  89200.427    71.735     9.85   10.38
  89487.435    75.552    13.30   11.67
  89774.466    81.016    19.04   12.05
  90061.520    86.452    18.94   10.83
  90348.596    91.947    19.14    9.07
  90635.695    95.975    14.03    8.61
  90922.816    99.131    10.99    8.50
  91209.960   101.732     9.06    7.62
  91497.127   103.257     5.31    6.00
  91784.316   103.583     1.14    5.43
  92071.528   102.675    -3.16    5.73
  92358.762   101.164    -5.26    6.42
  92646.019    99.518    -5.73    6.68
  92933.299    97.909    -5.60    6.75
  93220.601    96.952    -3.33    7.61
  93507.926    96.009    -3.28    8.61
  93795.274    95.563    -1.55    9.56
  94082.644    95.007    -1.93   10.74
  94370.037    94.735    -0.95   10.89
  94657.452    95.145     1.43   10.02
  94944.891    95.947     2.79    9.16
  95232.352    97.936     6.92    9.05
  95519.835   100.087     7.48    8.54
  95807.341   101.724     5.70    7.82
  96094.870   103.345     5.64    7.11
  96382.422   103.861     1.79    6.84
  96669.996   102.462    -4.86    8.01
  96957.593    99.316   -10.94    8.97
  97245.213    95.262   -14.10    9.36
  97532.856    91.569   -12.84    9.67
  97820.521    89.430    -7.43    9.50
  98108.209    87.346    -7.25    9.14
  98395.920    85.430    -6.66    9.32
  98683.653    83.558    -6.51    9.59
  98971.409    82.291    -4.40   10.25
  99259.188    81.930    -1.25   10.58
  99546.990    81.595    -1.17   10.16
  99834.814    80.389    -4.19    9.13
 100122.661    79.877    -1.78    8.06
 100410.531    80.239     1.26    7.78
 100698.424    81.603     4.74    8.06
 100986.340    83.930     8.09    8.66
 101274.278    87.262    11.57    8.56
 101562.239    90.643    11.74    8.79
 101850.223    94.904    14.80    8.51
 102138.230    99.904    17.36    7.84
 102426.259   103.579    12.76    6.96
 102714.312   106.122     8.83    5.66
 103002.387   107.844     5.98    4.20
 103290.485   108.255     1.43    3.71
 103578.606   107.137    -3.88    5.12
 103866.750   104.980    -7.49    6.32
 104154.916   101.865   -10.81    7.02
 104443.106    98.820   -10.57    6.98
 104731.318    95.355   -12.02    7.17
 105019.553    91.898   -11.99    7.12
 105307.811    88.441   -11.99    6.69
 105596.092    85.631    -9.75    6.10
 105884.396    83.453    -7.55    5.48
 106172.723    81.355    -7.28    5.15
 106461.072    79.659    -5.88    4.56
 106749.445    78.398    -4.37    4.41
 107037.840    77.387    -3.51    4.21
 107326.259    76.642    -2.58    4.10
 107614.700    75.613    -3.57    4.09
 107903.164    74.539    -3.72    3.93
 108191.651    73.420    -3.88    3.91
 108480.161    72.287    -3.93    3.76
 108768.694    71.137    -3.98    3.70
 109057.250    69.659    -5.12    3.68
 109345.829    68.090    -5.44    3.67
 109634.431    66.497    -5.52    3.12
 109923.055    65.233    -4.38    2.69
 110211.703    64.303    -3.22    2.27
 110500.374    64.344     0.14    3.79
 110789.068    67.111     9.59    9.53
 111077.784    71.506    15.22   13.32
 111366.524    76.525    17.38   15.51
 111655.287    82.538    20.83   16.48
 111944.072    88.003    18.93   15.43
 112232.881    94.667    23.08   11.27
 112521.713    98.624    13.70    8.88
 112810.568    99.710     3.76    8.92
 113099.445   100.816     3.83    8.28
 113388.346   102.201     4.80    7.72
 113677.270   103.728     5.29    7.10
 113966.217   105.452     5.97    6.37
 114255.187   107.178     5.97    5.47
 114544.180   108.566     4.80    4.80
 114833.196   109.782     4.21    3.88
 115122.235   110.867     3.75    3.04
 115411.297   111.579     2.47    2.25
 115700.383   111.628     0.17    1.89
 115989.491   111.327    -1.04    1.93
 116278.623   110.494    -2.88    2.78
 116567.777   109.016    -5.11    3.70
 116856.955   107.157    -6.43    4.85
 117146.156   105.118    -7.05    5.75
 117435.379   102.599    -8.71    6.54
 117724.626    99.643   -10.22    6.90
 118013.897    96.399   -11.22    7.03
 118303.190    93.072   -11.50    6.66
 118592.506    89.972   -10.72    6.33
 118881.846    87.431    -8.78    5.66
 119171.209    85.119    -7.99    5.07
 119460.595    82.767    -8.13    4.59
 119750.004    80.230    -8.77    4.27
 120039.436    78.280    -6.74    4.07
 120328.891    76.872    -4.86    3.49
 120618.370    76.732    -0.49    3.79
 120907.871    78.292     5.39    6.10
 121197.396    81.592    11.40    8.82
 121486.945    85.452    13.33    9.77
 121776.516    89.431    13.74    8.94
 122066.110    92.311     9.95    7.00
 122355.728    94.497     7.55    4.22
 122645.369    95.178     2.35    3.24
 122934.336    95.024    -0.53    3.67
 123219.112    94.864    -0.56    4.18
 123503.909    94.637    -0.80    4.70
 123788.729    94.757     0.42    4.79
 124073.571    95.029     0.95    4.90
 124358.434    95.064     0.13    4.86
 124643.320    94.996    -0.24    4.83
 124928.228    94.605    -1.37    4.69
 125213.159    94.039    -1.98    4.33
 125498.111    93.072    -3.40    3.96
 125783.085    92.148    -3.24    3.51
 126068.081    91.051    -3.85    3.35
 126353.100    89.618    -5.03    3.40
 126638.141    88.196    -4.99    3.43
 126923.203    86.199    -7.01    3.61
 127208.288    84.250    -6.84    3.77
 127493.395    82.214    -7.14    3.76
 127778.525    80.441    -6.22    3.58
 128063.676    78.601    -6.45    3.23
 128348.850    76.930    -5.86    2.96
 128634.045    75.251    -5.89    2.77
 128919.263    73.982    -4.45    2.53
 129204.503    72.871    -3.89    2.43
 129489.765    71.624    -4.37    2.43
 129775.050    70.579    -3.66    2.49
 130060.356    69.387    -4.18    2.73
 130345.685    67.985    -4.91    3.09
 130631.036    66.728    -4.41    3.00
 130916.409    65.609    -3.92    2.76
 131201.804    64.713    -3.14    2.62
 131487.222    63.572    -4.00    2.47
 131772.662    62.615    -3.35    2.26
 132058.124    61.664    -3.33    2.12
 132343.608    60.833    -2.91    1.89
 132629.114    60.007    -2.89    1.65
 132914.643    59.452    -1.94    1.52
 133200.194    59.083    -1.29    1.42
 133485.767    59.029    -0.19    1.38
 133771.363    59.143     0.40    1.40
 134056.980    60.462     4.62    4.22
 134342.620    63.558    10.84    8.17
 134628.283    68.872    18.61   12.26
 134913.967    75.262    22.37   14.24
 135199.674    81.378    21.41   13.50
 135485.403    86.107    16.55   10.70
 135771.155    89.357    11.37    6.87
 136056.928    90.165     2.83    5.00
 136342.724    88.566    -5.59    6.35
 136628.543    85.472   -10.83    7.62
 136914.383    82.043   -12.00    7.90
 137200.246    79.022   -10.57    7.19
 137486.132    76.712    -8.08    5.53
 137772.039    75.707    -3.51    4.19
 138057.969    76.216     1.78    4.63
 138343.922    78.031     6.35    5.55
 138629.896    80.607     9.01    6.00
 138915.893    83.570    10.36    5.61
 139201.913    86.667    10.83    5.05
 139487.955    88.800     7.46    4.15
 139774.019    90.508     5.97    3.27
 140060.105    91.529     3.57    2.57
 140346.214    92.058     1.85    1.96
 140632.346    92.269     0.74    1.46
 140918.499    91.875    -1.38    1.74
 141204.675    90.979    -3.13    2.16
 141490.874    89.856    -3.92    2.73
 141777.095    88.269    -5.54    3.45
 142063.338    86.304    -6.87    3.90
 142349.604    84.165    -7.47    4.16
 142635.892    81.894    -7.93    4.34
 142922.203    79.807    -7.29    4.46
 143208.536    77.676    -7.44    4.25
 143494.892    75.822    -6.47    3.67
 143781.270    74.629    -4.17    3.26
 144067.670    74.041    -2.05    3.30
