-250774.719   366.566     0.00   33.88
-250486.121   357.848   -30.21   37.15
-250197.546   345.451   -42.97   36.91
-249908.994   334.772   -37.02   35.77
-249620.465   323.450   -39.25   28.30
-249331.959   316.441   -24.30   23.45
-249043.476   311.716   -16.38   21.05
-248755.016   308.685   -10.51   23.30
-248466.579   306.368    -8.03   28.42
-248178.164   304.799    -5.44   34.28
-247889.773   301.445   -11.63   37.24
-247601.405   296.185   -18.25   39.23
-247313.060   286.174   -34.72   37.03
-247024.738   279.956   -21.57   34.92
-246736.439   274.487   -18.97   27.49
-246448.163   274.299    -0.65   24.31
-246159.910   274.393     0.33   23.08
-245871.679   276.133     6.04   22.80
-245583.472   281.977    20.28   26.12
-245295.288   292.387    36.13   26.96
-245007.126   302.671    35.70   26.16
-244718.988   299.434   -11.24   33.06
-244430.872   290.783   -30.03   43.95
-244142.780   275.254   -53.91   54.66
-243854.710   254.870   -70.77   57.86
-243566.663   235.513   -67.21   51.59
-243278.639   217.847   -61.35   35.12
-242990.638   211.487   -22.09   21.40
-242702.660   212.389     3.13   14.54
-242414.705   223.466    38.48   23.65
-242126.772   241.202    61.61   36.58
-241838.863   262.054    72.44   45.55
-241550.976   285.093    80.05   50.66
-241263.113   308.697    82.01   50.47
-240975.272   331.274    78.45   49.04
-240687.454   352.402    73.42   44.44
-240399.658   368.237    55.03   45.59
-240111.886   379.713    39.89   48.93
-239824.137   394.435    51.17   49.99
-239536.410   406.724    42.72   50.00
-239248.706   419.414    44.12   48.18
-238961.025   435.935    57.44   49.80
-238673.367   453.456    60.92   49.78
-238385.731   472.174    65.09   47.14
-238098.119   489.296    59.54   43.66
-237810.529   502.893    47.29   37.46
-237522.962   508.956    21.09   32.48
-237235.417   507.145    -6.30   32.83
-236947.896   500.081   -24.57   36.54
-236660.397   493.758   -22.00   37.38
-236372.921   485.492   -28.76   36.21
-236085.468   474.471   -38.35   36.04
-235798.037   462.200   -42.70   36.09
-235510.630   448.487   -47.72   36.74
-235223.245   436.196   -42.78   37.41
-234935.882   427.245   -31.15   36.54
-234648.543   418.882   -29.11   35.28
-234361.226   409.718   -31.90   34.22
-234073.932   400.745   -31.24   34.16
-233786.661   389.715   -38.40   33.69
-233499.412   377.271   -43.33   35.87
-233212.186   364.349   -45.00   38.06
-232924.983   350.676   -47.62   38.20
-232637.802   339.514   -38.87   33.72
-232350.644   333.387   -21.34   31.65
-232063.509   330.113   -11.40   29.28
-231776.397   332.827     9.45   34.03
-231489.307   335.840    10.49   36.19
-231202.240   338.477     9.19   37.07
-230915.195   343.466    17.39   35.50
-230628.173   345.071     5.59   31.52
-230341.174   343.258    -6.32   27.28
-230054.197   341.130    -7.42   22.88
-229767.244   339.162    -6.86   20.41
-229480.312   339.682     1.81   20.64
-229193.403   339.069    -2.13   21.55
-228906.517   334.414   -16.23   23.02
-228619.654   329.477   -17.22   26.47
-228332.813   319.933   -33.28   28.36
-228045.995   308.166   -41.03   25.40
-227759.199   297.976   -35.54   19.54
-227472.426   291.008   -24.30   14.47
-227185.675   286.898   -14.34   12.57
-226898.947   285.094    -6.29   12.32
-226612.242   286.682     5.54   16.40
-226325.559   288.780     7.32   21.67
-226038.899   289.723     3.29   23.96
-225752.261   291.944     7.75   27.72
-225465.646   288.976   -10.36   29.54
-225179.054   285.922   -10.66   30.45
-224892.484   281.331   -16.02   30.21
-224605.936   278.678    -9.26   28.38
-224319.411   275.093   -12.51   26.30
-224032.909   271.914   -11.10   23.92
-223746.429   270.840    -3.75   24.43
-223459.971   267.549   -11.49   23.91
-223173.536   265.862    -5.89   22.65
-222887.124   265.997     0.47   21.83
-222600.734   269.247    11.35   25.94
-222314.366   280.539    39.44   34.63
-222028.021   292.404    41.44   37.71
-221741.699   300.487    28.24   34.86
-221455.399   301.935     5.06   35.03
-221169.121   297.518   -15.43   39.83
-220882.866   290.355   -25.03   43.85
-220596.634   283.703   -23.25   43.20
-220310.423   276.844   -23.97   38.29
-220024.236   276.912     0.24   37.11
-219738.070   281.955    17.63   38.31
-219451.927   291.901    34.77   36.05
-219165.807   304.243    43.14   29.78
-218879.709   311.867    26.66   23.42
-218593.633   312.292     1.49   23.62
-218307.580   314.411     7.41   21.42
-218021.549   315.476     3.72   17.63
-217735.541   316.417     3.29   16.35
-217449.555   313.443   -10.40   20.63
-217163.591   306.387   -24.68   24.40
-216877.650   299.170   -25.24   23.66
-216591.731   296.831    -8.18   27.55
-216305.834   300.602    13.19   35.31
-216019.960   306.216    19.64   40.21
-215734.108   314.555    29.18   43.75
-215448.279   323.383    30.89   43.27
-215162.472   332.436    31.68   38.51
-214876.687   340.142    26.97   32.03
-214590.924   341.166     3.59   26.59
-214305.184   335.654   -19.29   25.17
-214019.467   327.268   -29.35   27.61
-213733.771   316.279   -38.47   29.65
-213448.098   303.976   -43.07   28.55
-213162.447   291.753   -42.80   26.09
-212876.819   281.750   -35.03   21.73
-212591.212   276.200   -19.44   19.50
-212305.629   276.865     2.33   23.32
-212020.067   278.748     6.60   26.33
-211734.528   283.093    15.22   26.94
-211449.010   283.707     2.15   25.96
-211163.516   281.298    -8.44   26.26
-210878.043   277.867   -12.02   26.45
-210592.593   272.568   -18.57   25.83
-210307.165   265.661   -24.20   23.36
-210021.759   261.376   -15.01   21.27
-209736.375   256.082   -18.56   18.13
-209451.014   250.237   -20.49   15.28
-209165.675   248.258    -6.94   14.18
-208880.358   248.923     2.33   13.39
-208595.063   252.061    11.00   14.44
-208309.791   257.286    18.32   16.17
-208024.541   262.310    17.62   16.00
-207739.313   267.247    17.31   14.11
-207454.107   269.787     8.91   11.54
-207168.923   269.292    -1.74   11.65
-206883.762   265.137   -14.57   14.36
-206598.623   259.450   -19.95   14.74
-206313.506   252.240   -25.29   14.55
-206028.411   245.253   -24.51   14.59
-205743.338   240.460   -16.82   13.21
-205458.287   238.639    -6.39   12.57
-205173.259   238.921     0.99   14.20
-204888.253   240.965     7.17   17.00
-204603.269   246.513    19.47   21.46
-204318.307   256.922    36.53   26.33
-204033.367   270.220    46.68   31.21
-203748.449   281.115    38.24   33.65
-203463.554   289.434    29.21   32.84
-203178.680   297.185    27.21   30.97
-202893.829   297.945     2.67   26.29
-202608.999   295.840    -7.39   23.38
-202323.527   293.018    -9.88   23.76
-202033.846   287.874   -17.76   26.50
-201744.188   278.444   -32.56   29.43
-201454.554   264.466   -48.27   27.54
-201164.943   253.028   -39.50   26.28
-200875.355   241.372   -40.26   24.85
-200585.791   232.671   -30.05   20.09
-200296.250   227.176   -18.98   16.72
-200006.732   223.674   -12.10   15.58
-199717.237   224.477     2.77   16.81
-199427.766   227.997    12.17   18.79
-199138.317   235.166    24.77   18.63
-198848.892   242.747    26.20   15.26
-198559.490   246.674    13.57   13.22
-198270.112   249.019     8.10   11.96
-197980.756   251.303     7.90   11.40
-197691.424   254.912    12.48   15.85
-197402.115   261.084    21.33   21.16
-197112.829   265.840    16.44   25.00
-196823.566   271.492    19.55   24.33
-196534.327   271.385    -0.37   28.41
-196245.111   261.628   -33.74   42.79
-195955.917   246.568   -52.09   50.55
-195666.747   228.220   -63.46   49.65
-195377.600   213.636   -50.45   41.71
-195088.477   207.306   -21.90   36.04
-194799.376   214.998    26.61   46.68
-194510.298   225.165    35.18   52.60
-194221.244   236.259    38.39   52.47
-193932.213   251.912    54.17   51.71
-193643.205   266.335    49.91   45.28
-193354.219   278.130    40.82   36.70
-193065.257   286.546    29.13   33.19
-192776.319   288.815     7.85   31.49
-192487.403   284.750   -14.07   31.66
-192198.510   278.791   -20.63   34.12
-191909.640   268.020   -37.29   34.25
-191620.794   256.729   -39.10   38.69
-191331.970   243.094   -47.21   36.14
-191043.170   236.870   -21.56   31.40
-190754.393   234.745    -7.36   28.66
-190465.638   237.471     9.44   27.77
-190176.907   243.189    19.81   27.74
-189888.199   254.383    38.78   30.58
-189599.513   272.546    62.93   32.46
-189310.851   292.619    69.55   38.67
-189022.212   315.456    79.13   46.19
-188733.596   337.376    75.96   48.35
-188445.003   357.072    68.26   42.28
-188156.433   371.060    48.48   31.70
-187867.885   376.924    20.33   23.47
-187579.361   374.874    -7.11   25.04
-187290.860   364.685   -35.32   28.45
-187002.382   352.164   -43.41   24.10
-186713.926   345.131   -24.38   18.74
-186425.494   344.393    -2.56   18.88
-186137.085   349.355    17.21   23.61
-185848.698   358.187    30.63   27.63
-185560.335   368.787    36.76   25.18
-185271.995   376.227    25.81   20.62
-184983.677   379.998    13.08   17.99
-184695.382   381.191     4.14   16.30
-184407.111   382.737     5.36   16.34
-184118.862   383.385     2.25   18.98
-183830.636   381.461    -6.68   20.45
-183542.433   379.251    -7.67   22.70
-183254.253   374.976   -14.84   24.64
-182966.096   367.836   -24.78   24.28
-182677.962   359.933   -27.43   23.19
-182389.850   353.530   -22.23   22.65
-182101.762   348.243   -18.36   22.46
-181813.696   343.815   -15.37   20.88
-181525.653   340.881   -10.19   18.29
-181237.633   339.280    -5.56   15.55
-180949.636   336.591    -9.34   16.34
-180661.662   331.954   -16.10   17.94
-180373.711   324.668   -25.31   21.18
-180085.782   315.869   -30.56   22.70
-179797.877   307.554   -28.89   23.43
-179509.994   300.748   -23.64   22.19
-179222.134   294.030   -23.34   21.10
-178934.296   288.647   -18.71   21.44
-178646.482   283.030   -19.52   22.79
-178358.690   277.492   -19.24   24.16
-178070.922   271.449   -21.00   24.63
-177783.176   265.185   -21.77   23.68
-177495.452   256.955   -28.61   21.15
-177207.752   248.604   -29.03   18.99
-176920.074   239.345   -32.19   18.84
-176632.419   231.977   -25.62   17.17
-176344.787   227.435   -15.79   14.59
-176057.178   225.444    -6.92   15.33
-175769.591   224.881    -1.96   18.49
-175482.027   221.667   -11.18   19.25
-175194.486   219.286    -8.28   18.71
-174906.968   219.210    -0.26   20.40
-174619.472   221.133     6.69   26.77
-174331.999   221.029    -0.36   29.40
-174044.549   221.924     3.12   32.01
-173757.121   221.391    -1.86   31.72
-173469.717   218.568    -9.83   28.71
-173182.335   215.424   -10.94   25.42
-172894.975   211.508   -13.63   20.71
-172607.638   209.327    -7.59   18.16
-172320.324   209.665     1.17   17.21
-172033.033   211.280     5.62   17.64
-171745.764   213.411     7.42   17.29
-171458.518   215.955     8.86   16.37
-171171.295   219.585    12.64   15.28
-170884.094   223.383    13.23   15.33
-170596.916   225.954     8.96   13.67
-170309.761   225.859    -0.33   11.86
-170022.628   225.367    -1.71   11.76
-169735.518   221.654   -12.94   13.57
-169448.430   213.707   -27.68   19.08
-169161.366   206.224   -26.07   20.64
-168874.323   201.600   -16.11   19.49
-168587.304   199.754    -6.43   17.33
-168300.307   196.617   -10.93   17.02
-168013.332   193.331   -11.45   17.22
-167726.380   190.030   -11.51   16.79
-167439.451   188.419    -5.62   16.45
-167152.544   187.306    -3.88   14.60
-166865.660   185.829    -5.15   12.16
-166578.799   186.279     1.57   11.96
-166291.960   190.534    14.84   13.43
-166005.143   195.625    17.75   14.12
-165718.350   201.742    21.33   14.45
-165431.578   207.585    20.38   14.56
-165144.829   214.368    23.66   16.04
-164858.103   221.370    24.42   18.30
-164571.400   228.397    24.51   20.08
-164284.718   234.103    19.90   20.49
-163998.060   238.112    13.99   19.46
-163711.424   239.019     3.16   20.16
-163424.810   237.267    -6.11   21.99
-163138.219   232.976   -14.97   23.45
-162851.650   228.487   -15.67   21.50
-162565.104   223.912   -15.97   18.85
-162278.581   222.431    -5.17   16.47
-161992.079   223.820     4.85   16.66
-161705.601   224.116     1.03   17.10
-161419.145   225.737     5.66   17.78
-161132.711   227.454     6.00   18.13
-160846.299   226.715    -2.58   19.10
-160559.911   225.443    -4.44   18.53
-160273.544   223.869    -5.50   16.66
-159987.200   223.643    -0.79   15.26
-159700.879   223.431    -0.74   13.65
-159414.580   224.251     2.86   13.12
-159128.303   226.074     6.37   13.94
-158842.049   230.019    13.78   16.63
-158555.817   234.487    15.61   18.94
-158269.608   238.374    13.58   18.71
-157983.421   243.168    16.75   18.07
-157697.256   247.393    14.77   17.62
-157411.114   250.755    11.75   16.55
-157124.994   253.879    10.92   14.87
-156838.897   257.334    12.08   15.17
-156552.822   262.404    17.72   17.11
-156266.769   270.626    28.75   20.80
-155980.739   281.125    36.71   23.30
-155694.731   291.913    37.72   25.81
-155408.745   300.713    30.77   23.35
-155122.782   305.299    16.04   20.25
-154836.841   305.331     0.11   19.82
-154550.922   301.213   -14.41   21.34
-154265.026   293.924   -25.50   21.76
-153979.152   285.621   -29.05   19.72
-153693.301   278.987   -23.21   16.21
-153407.471   273.052   -20.77   11.47
-153121.664   268.520   -15.86   10.16
-152835.880   265.172   -11.72    9.81
-152550.117   262.008   -11.07    9.79
-152264.377   260.302    -5.97   10.04
-151978.659   258.865    -5.03   10.88
-151692.964   257.514    -4.73   10.38
-151407.291   256.568    -3.31   10.22
-151121.640   256.161    -1.42    9.13
-150836.011   257.802     5.75   10.61
-150550.405   259.833     7.11   12.41
-150264.820   261.355     5.33   13.98
-149979.258   262.519     4.07   14.51
-149693.719   263.632     3.90   14.99
-149408.201   265.487     6.50   14.27
-149122.706   265.987     1.75   13.24
-148837.233   265.640    -1.22   11.76
-148551.782   265.299    -1.19   11.75
-148266.354   265.008    -1.02   11.94
-147980.947   263.761    -4.37   13.38
-147695.563   258.966   -16.81   15.79
-147410.201   253.310   -19.82   20.10
-147124.862   246.549   -23.70   23.50
-146839.544   240.168   -22.37   23.77
-146554.249   233.753   -22.49   22.92
-146268.975   227.083   -23.38   20.39
-145983.724   222.299   -16.77   17.32
-145698.496   219.487    -9.86   16.34
-145413.289   217.231    -7.91   16.52
-145128.104   214.427    -9.84   16.76
-144842.942   211.737    -9.43   16.54
-144557.802   208.482   -11.42   14.83
-144272.684   205.152   -11.68   13.07
-143987.588   201.498   -12.82   11.72
-143702.514   198.943    -8.96   10.82
-143417.462   197.726    -4.27    9.85
-143132.432   197.987     0.92   10.12
-142847.425   200.543     8.97   13.38
-142562.440   206.237    19.98   17.44
-142277.476   214.148    27.77   20.37
-141992.535   223.374    32.38   20.08
-141707.616   230.466    24.89   17.86
-141422.719   234.944    15.72   15.23
-141137.844   234.535    -1.43   13.10
-140852.991   234.310    -0.79   12.72
-140568.160   234.946     2.23   12.42
-140281.519   235.583     2.22   13.00
-139991.824   238.892    11.43   16.66
-139702.152   244.912    20.79   20.78
-139412.504   251.966    24.36   20.75
-139122.879   259.466    25.90   17.25
-138833.277   264.030    15.76   13.64
-138543.698   266.466     8.41   12.30
-138254.143   266.018    -1.55   13.09
-137964.611   263.727    -7.92   13.59
-137675.101   259.793   -13.59   13.11
-137385.615   255.327   -15.43   13.32
-137096.153   252.170   -10.91   13.23
-136806.713   250.206    -6.79   12.19
-136517.297   248.124    -7.19   11.87
-136227.903   246.267    -6.42   12.11
-135938.533   245.806    -1.59   13.52
-135649.186   245.836     0.10   14.66
-135359.862   245.008    -2.86   15.69
-135070.562   243.710    -4.49   17.38
-134781.284   242.976    -2.54   19.92
-134492.030   241.724    -4.33   20.79
-134202.798   240.520    -4.16   21.32
-133913.590   238.471    -7.08   19.79
-133624.405   236.647    -6.31   19.67
-133335.243   235.284    -4.71   17.17
-133046.104   237.115     6.33   15.13
-132756.988   239.745     9.10   13.10
-132467.895   242.117     8.21   11.93
-132178.826   242.720     2.09   10.52
-131889.779   243.565     2.92    9.19
-131600.755   243.331    -0.81    8.44
-131311.755   241.778    -5.37    8.79
-131022.777   238.976    -9.70   10.03
-130733.823   234.498   -15.50   11.96
-130444.891   228.698   -20.08   14.81
-130155.983   222.224   -22.41   16.01
-129867.098   216.020   -21.48   14.46
-129578.235   211.585   -15.35   11.80
-129289.396   209.576    -6.96    9.50
-129000.580   209.835     0.90    9.31
-128711.787   212.772    10.17   11.12
-128423.016   219.280    22.54   11.27
-128134.269   225.320    20.92   12.30
-127845.545   231.187    20.32   12.89
-127556.843   236.922    19.87   12.07
-127268.165   238.454     5.31   12.23
-126979.510   236.793    -5.75   13.69
-126690.877   234.887    -6.61   13.95
-126402.268   232.854    -7.05   13.34
-126113.681   231.051    -6.25   11.37
-125825.118   231.042    -0.03    9.88
-125536.577   233.869     9.80   10.66
-125248.059   238.108    14.69   12.00
-124959.565   243.248    17.82   12.65
-124671.093   248.417    17.92   12.95
-124382.644   253.976    19.27   12.86
-124094.218   259.176    18.03   13.34
-123805.815   264.148    17.24   13.03
-123517.435   268.124    13.79   12.05
-123229.077   270.977     9.89   10.41
-122940.743   273.071     7.27    8.79
-122652.431   273.764     2.40    8.75
-122364.143   271.589    -7.54   11.86
-122075.877   266.772   -16.71   15.86
-121787.634   260.664   -21.19   18.84
-121499.414   251.124   -33.10   23.32
-121211.217   241.869   -32.12   23.96
-120923.042   235.299   -22.80   23.94
-120634.891   231.423   -13.45   24.34
-120346.762   227.783   -12.64   24.70
-120058.656   224.689   -10.74   25.62
-119770.573   220.428   -14.79   27.37
-119482.513   217.650    -9.64   30.02
-119194.476   213.682   -13.78   30.87
-118906.461   209.789   -13.52   32.54
-118618.469   206.636   -10.95   33.14
-118330.500   203.487   -10.94   33.84
-118042.554   202.849    -2.22   34.52
-117754.631   202.092    -2.63   35.77
-117466.730   199.529    -8.91   35.74
-117178.852   197.879    -5.73   35.56
-116890.997   193.600   -14.87   35.78
-116603.165   184.197   -32.67   37.74
-116315.356   173.270   -37.97   39.70
-116027.569   158.568   -51.09   39.05
-115739.805   145.661   -44.86   34.93
-115452.063   134.536   -38.66   27.29
-115164.345   132.161    -8.26   24.30
-114876.649   136.196    14.03   29.43
-114588.976   150.835    50.89   40.42
-114301.325   173.065    77.29   46.60
-114013.698   194.843    75.72   46.94
-113726.093   213.204    63.85   37.67
-113438.510   226.888    47.59   28.16
-113150.951   232.139    18.26   24.29
-112863.414   232.665     1.83   23.59
-112575.900   230.231    -8.46   25.79
-112288.408   230.085    -0.51   27.33
-112000.939   230.085     0.00   27.10
-111713.493   227.574    -8.74   24.46
-111426.070   226.687    -3.09   19.92
-111138.669   227.998     4.56   16.84
-110851.290   228.632     2.21   17.34
-110563.935   228.163    -1.63   20.08
-110276.602   225.933    -7.76   21.79
-109989.292   227.843     6.65   21.83
-109702.004   232.273    15.42   20.01
-109414.739   233.697     4.96   18.85
-109127.496   234.277     2.02   16.80
-108840.276   233.621    -2.28   15.99
-108553.079   233.729     0.37   14.98
-108265.905   229.412   -15.03   19.74
-107978.753   224.923   -15.64   22.41
-107691.623   218.664   -21.80   24.25
-107404.516   212.922   -20.00   25.99
-107117.432   207.593   -18.56   25.94
-106830.370   201.890   -19.87   24.42
-106543.331   198.734   -11.00   23.05
-106256.314   196.893    -6.42   23.71
-105969.320   195.232    -5.79   23.57
-105682.349   193.019    -7.71   24.84
-105395.400   188.295   -16.46   27.18
-105108.473   180.727   -26.38   27.28
-104821.570   176.341   -15.29   23.15
-104534.688   176.202    -0.48   22.26
-104247.829   180.933    16.49   26.68
-103960.993   190.428    33.11   32.51
-103674.179   203.324    44.97   32.85
-103387.388   214.264    38.15   28.13
-103100.619   221.240    24.33   24.31
-102813.873   221.578     1.18   27.79
-102527.149   217.391   -14.60   31.75
-102240.447   215.879    -5.27   34.07
-101953.769   211.776   -14.32   34.08
-101667.112   210.624    -4.02   31.49
-101380.478   210.454    -0.60   29.45
-101093.867   211.657     4.20   28.30
-100807.278   214.791    10.94   27.06
-100520.711   216.270     5.16   25.47
-100234.167   216.240    -0.10   23.52
 -99947.645   216.976     2.57   19.69
 -99661.146   217.843     3.03   16.71
 -99374.669   221.541    12.91   17.46
 -99088.215   225.117    12.48   18.14
 -98801.783   226.690     5.49   18.40
 -98515.373   227.465     2.70   18.57
 -98228.986   227.076    -1.36   16.80
 -97942.621   225.811    -4.42   14.37
 -97656.279   227.165     4.73   16.11
 -97369.959   232.183    17.53   20.29
 -97083.661   236.097    13.67   21.22
 -96797.386   239.444    11.69   20.98
 -96511.133   243.052    12.60   19.62
 -96224.902   246.976    13.71   17.70
 -95938.694   250.704    13.03   16.88
 -95652.508   253.417     9.48   17.81
 -95366.345   254.965     5.41   18.18
 -95080.204   256.987     7.07   18.11
 -94794.085   260.602    12.63   17.34
 -94507.988   264.476    13.54   15.85
 -94221.914   267.137     9.30   15.06
 -93935.862   268.568     5.00   13.90
 -93649.833   270.206     5.73   13.29
 -93363.826   272.706     8.74   12.51
 -93077.841   275.806    10.84   10.73
 -92791.878   277.051     4.36    9.58
 -92505.938   276.729    -1.13    9.92
 -92220.020   275.221    -5.27   11.84
 -91934.124   273.685    -5.37   14.22
 -91648.251   271.342    -8.20   16.60
 -91362.400   268.471   -10.04   17.52
 -91076.571   265.152   -11.61   17.41
 -90790.764   260.668   -15.69   17.64
 -90504.980   257.591   -10.77   17.50
 -90219.217   255.498    -7.33   17.75
 -89933.477   253.976    -5.33   15.35
 -89647.760   252.898    -3.77   14.96
 -89362.064   248.020   -17.08   16.02
 -89076.391   241.215   -23.82   16.30
 -88790.740   237.204   -14.04   15.72
 -88505.111   234.876    -8.15   14.07
 -88219.505   234.387    -1.71   12.23
 -87933.920   234.400     0.05   10.78
 -87648.358   234.531     0.46   10.06
 -87362.818   236.976     8.56   12.02
 -87077.301   240.665    12.92   13.58
 -86791.805   244.558    13.64   14.62
 -86506.332   250.589    21.13   16.74
 -86220.880   257.215    23.21   19.41
 -85935.451   264.127    24.22   20.89
 -85650.044   270.147    21.09   21.19
 -85364.660   274.492    15.23   20.59
 -85079.297   280.073    19.56   19.88
 -84793.957   284.414    15.21   18.67
 -84508.638   288.219    13.34   17.01
 -84223.342   293.168    17.35   16.52
 -83938.068   299.664    22.77   17.54
 -83652.816   305.444    20.26   18.56
 -83367.586   308.341    10.16   19.72
 -83082.379   310.549     7.74   21.37
 -82797.193   311.514     3.38   22.18
 -82512.029   309.802    -6.00   22.68
 -82226.888   306.657   -11.03   20.64
 -81941.769   303.740   -10.23   16.36
 -81656.672   301.313    -8.51   12.84
 -81371.596   299.062    -7.90   10.83
 -81086.543   297.042    -7.09    9.95
 -80801.512   293.765   -11.50   10.35
 -80516.503   288.855   -17.23   10.48
 -80231.516   283.931   -17.28   10.33
 -79946.552   279.161   -16.74   10.77
 -79661.609   273.854   -18.63   11.81
 -79376.688   268.729   -17.99   12.56
 -79091.789   263.520   -18.28   12.67
 -78806.913   258.509   -17.59   12.11
 -78522.058   253.998   -15.84   10.96
 -78234.158   250.066   -13.66    9.35
 -77944.476   246.954   -10.74    8.29
 -77654.817   244.443    -8.67    7.67
 -77365.182   242.646    -6.21    7.46
 -77075.570   241.433    -4.19    7.32
 -76785.980   240.798    -2.19    7.51
 -76496.414   240.654    -0.50    7.99
 -76206.871   240.931     0.96    8.57
 -75917.352   242.813     6.50    9.66
 -75627.855   245.416     8.99    9.57
 -75338.382   248.020     9.00    8.18
 -75048.931   248.965     3.26    7.49
 -74759.504   248.720    -0.84    7.89
 -74470.100   246.800    -6.64    9.70
 -74180.718   245.031    -6.11   10.67
 -73891.360   243.324    -5.90   10.81
 -73602.025   241.754    -5.43   10.40
 -73312.713   240.620    -3.92    9.69
 -73023.425   239.411    -4.18    8.90
 -72734.159   239.398    -0.04    8.10
 -72444.916   239.635     0.82    8.39
 -72155.696   240.547     3.15    8.75
 -71866.500   242.459     6.61    9.58
 -71577.326   245.439    10.30    9.85
 -71288.176   248.085     9.15    8.74
 -70999.048   249.621     5.31    8.18
 -70709.944   249.541    -0.28    8.78
 -70420.862   248.207    -4.62   10.01
 -70131.803   248.237     0.10   10.61
 -69842.768   250.661     8.39   12.24
 -69553.755   254.509    13.31   13.51
 -69264.766   258.449    13.64   12.93
 -68975.799   260.729     7.89   11.00
 -68686.856   261.041     1.08   10.43
 -68397.935   258.585    -8.50   12.69
 -68109.038   253.539   -17.47   15.04
 -67820.163   246.030   -25.99   15.37
 -67531.311   238.202   -27.10   16.09
 -67242.483   231.342   -23.75   15.13
 -66953.677   225.128   -21.52   13.28
 -66664.894   222.061   -10.62   10.97
 -66376.134   221.776    -0.98   10.83
 -66087.397   224.683    10.07   13.59
 -65798.683   232.096    25.68   19.12
 -65509.992   242.367    35.58   23.53
 -65221.323   252.503    35.11   23.25
 -64932.678   260.195    26.65   20.48
 -64644.056   266.019    20.18   17.86
 -64355.456   268.277     7.82   18.66
 -64066.879   266.596    -5.83   22.09
 -63778.326   262.551   -14.02   24.67
 -63489.795   256.852   -19.75   25.14
 -63201.287   250.923   -20.55   24.14
 -62912.802   245.411   -19.11   21.40
 -62624.339   240.443   -17.22   17.63
 -62335.900   236.572   -13.42   14.51
 -62047.483   233.216   -11.64   12.37
 -61759.089   229.039   -14.48   12.39
 -61470.718   224.147   -16.97   13.40
 -61182.370   218.270   -20.38   13.96
 -60894.045   210.585   -26.65   15.75
 -60605.743   201.766   -30.59   19.31
 -60317.463   191.768   -34.68   25.58
 -60029.206   181.423   -35.89   28.97
 -59740.972   168.367   -45.30   32.67
 -59452.761   158.094   -35.65   33.12
 -59164.572   153.417   -16.23   31.97
 -58876.407   154.799     4.80   32.57
 -58588.264   159.882    17.64   34.10
 -58300.144   168.759    30.81   34.44
 -58012.046   177.578    30.61   30.05
 -57723.972   187.661    35.00   19.50
 -57435.920   190.678    10.48   12.66
 -57147.891   188.861    -6.31   14.89
 -56859.884   182.770   -21.15   21.78
 -56571.901   175.535   -25.12   23.45
 -56283.940   168.890   -23.08   24.44
 -55996.002   166.433    -8.54   24.06
 -55708.086   166.541     0.38   22.64
 -55420.193   169.487    10.23   23.11
 -55132.323   175.074    19.41   19.47
 -54844.476   182.009    24.09   15.18
 -54556.652   187.514    19.13   11.03
 -54268.850   188.009     1.72   13.13
 -53981.070   184.509   -12.16   19.27
 -53693.314   182.109    -8.34   21.26
 -53405.580   181.354    -2.63   22.01
 -53117.869   180.587    -2.66   22.05
 -52830.180   178.740    -6.42   21.59
 -52542.515   179.131     1.36   18.85
 -52254.871   177.520    -5.60   18.24
 -51967.251   175.717    -6.27   20.44
 -51679.653   169.265   -22.44   24.56
 -51392.078   161.380   -27.42   27.67
 -51104.525   150.899   -36.45   29.15
 -50816.995   140.273   -36.96   27.80
 -50529.488   129.933   -35.97   27.83
 -50242.003   120.476   -32.90   27.16
 -49954.541   115.387   -17.70   24.94
 -49667.101   113.139    -7.82   23.92
 -49379.684   112.854    -0.99   25.26
 -49092.290   114.163     4.56   27.40
 -48804.918   119.943    20.11   28.41
 -48517.569   128.109    28.42   28.58
 -48230.242   138.616    36.57   28.15
 -47942.938   147.020    29.25   27.99
 -47655.656   154.498    26.03   28.01
 -47368.397   164.443    34.62   26.64
 -47081.161   176.276    41.20   17.51
 -46793.947   182.009    19.96   14.68
 -46506.756   185.185    11.06   11.61
 -46219.587   186.776     5.54   10.10
 -45932.441   187.554     2.71   10.54
 -45645.317   188.339     2.73   10.57
 -45358.216   188.042    -1.03   10.73
 -45071.137   184.857   -11.10   13.21
 -44784.081   178.657   -21.60   17.34
 -44497.048   172.313   -22.10   20.35
 -44210.036   165.998   -22.00   22.32
 -43923.048   162.400   -12.54   23.27
 -43636.082   160.073    -8.11   23.55
 -43349.138   156.613   -12.06   24.67
 -43062.217   154.429    -7.61   25.10
 -42775.318   154.545     0.40   24.03
 -42488.442   153.750    -2.77   24.32
 -42201.588   149.621   -14.39   25.74
 -41914.756   139.943   -33.74   27.31
 -41627.947   125.859   -49.11   32.41
 -41341.161   110.904   -52.15   37.28
 -41054.397    96.292   -50.95   36.48
 -40767.655    86.492   -34.18   34.46
 -40480.936    79.943   -22.84   32.56
 -40194.239    69.520   -36.36   30.02
 -39907.565    61.882   -26.64   31.22
 -39620.913    55.508   -22.24   34.39
 -39334.283    49.530   -20.86   35.01
 -39047.676    40.767   -30.57   31.22
 -38761.091    30.737   -35.00   24.75
 -38474.529    21.780   -31.26   11.97
 -38187.989    17.461   -15.08    5.76
 -37901.471    15.229    -7.79    4.70
 -37614.976    13.813    -4.94    3.85
 -37328.503    12.310    -5.25    3.14
 -37042.053    11.944    -1.28    3.19
 -36755.624    12.226     0.99    3.48
 -36469.219    12.789     1.97    3.77
 -36182.835    13.568     2.72    3.60
 -35896.474    14.163     2.08    3.40
 -35610.135    14.613     1.57    3.10
 -35323.819    15.209     2.08    2.41
 -35037.525    15.580     1.30    1.87
 -34751.253    15.409    -0.60    1.77
 -34465.003    15.547     0.48    1.66
 -34178.776    15.520    -0.09    1.72
 -33892.571    15.420    -0.35    1.50
 -33606.388    15.387    -0.12    1.45
 -33320.228    15.218    -0.59    1.32
 -33034.090    15.198    -0.07    1.44
 -32747.974    15.324     0.44    1.47
 -32461.880    14.543    -2.73    2.49
 -32175.809    13.841    -2.45    3.10
 -31889.760    12.965    -3.06    3.41
 -31603.733    12.613    -1.23    3.37
 -31317.729    12.143    -1.65    3.31
 -31031.747    12.066    -0.27    3.33
 -30745.787    11.820    -0.86    3.24
 -30459.849    11.576    -0.85    3.24
 -30173.933    11.443    -0.47    3.35
 -29888.040    11.335    -0.38    3.33
 -29602.169    11.535     0.70    3.41
 -29316.320    14.405    10.04   10.03
 -29030.493    18.439    14.11   14.85
 -28744.688    23.213    16.70   18.21
 -28458.906    30.041    23.89   20.89
 -28173.146    36.271    21.80   21.41
 -27887.408    42.729    22.60   20.06
 -27601.692    49.009    21.98   18.04
 -27315.999    56.514    26.27   16.50
 -27030.327    63.552    24.64   15.09
 -26744.678    66.944    11.88   14.38
 -26459.051    69.143     7.70   13.04
 -26173.446    71.817     9.36   10.59
 -25887.863    72.107     1.01   10.65
 -25602.302    70.097    -7.04   12.31
 -25316.764    66.922   -11.12   12.45
 -25031.247    64.998    -6.74   11.93
 -24745.753    64.529    -1.64   12.32
 -24460.281    63.933    -2.09   12.69
 -24174.831    63.617    -1.11   12.47
 -23889.403    64.650     3.62   12.83
 -23603.997    66.822     7.61   13.29
 -23318.613    70.288    12.14   15.42
 -23033.252    73.270    10.45   16.32
 -22747.912    78.346    17.79   17.53
 -22462.595    83.585    18.36   18.40
 -22177.299    87.877    15.05   18.95
 -21892.026    92.531    16.32   19.75
 -21606.774    96.454    13.75   20.01
 -21321.545   102.409    20.88   18.84
 -21036.338   108.627    21.80   15.62
 -20751.153   113.165    15.91   11.08
 -20465.990   114.720     5.46    8.76
 -20180.849   116.031     4.60    7.40
 -19895.730   117.509     5.18    7.17
 -19610.633   119.376     6.55    7.84
 -19325.558   121.476     7.37    7.44
 -19040.505   122.470     3.49    6.86
 -18755.474   123.391     3.23    6.47
 -18470.465   122.554    -2.94    7.84
 -18185.478   121.498    -3.70    9.35
 -17900.513   120.470    -3.61    9.25
 -17615.570   119.120    -4.74    9.72
 -17330.649   119.265     0.51    9.20
 -17045.750   119.943     2.38    8.21
 -16760.873   120.041     0.35    7.98
 -16476.018   118.503    -5.40    9.48
 -16186.890   115.596   -10.06   11.36
 -15897.206   112.265   -11.50   13.85
 -15607.545   107.611   -16.07   15.61
 -15317.907   102.987   -15.96   16.09
 -15028.292    98.107   -16.85   17.49
 -14738.700    92.976   -17.72   17.90
 -14449.131    88.270   -16.25   18.21
 -14159.586    82.587   -19.63   18.16
 -13870.063    77.008   -19.27   19.30
 -13580.564    71.074   -20.50   20.68
 -13291.087    64.215   -23.69   22.45
 -13001.634    56.965   -25.05   23.55
 -12712.203    48.911   -27.83   22.39
 -12422.796    39.987   -30.84   17.40
 -12133.411    33.363   -22.89   12.17
 -11844.050    28.585   -16.51    7.24
 -11554.711    25.520   -10.59    4.05
 -11265.396    23.943    -5.45    2.82
 -10976.104    23.215    -2.52    2.80
 -10686.834    22.565    -2.25    3.05
 -10397.588    21.729    -2.89    3.53
 -10108.364    20.628    -3.81    3.38
  -9819.164    19.857    -2.67    3.16
  -9529.986    19.196    -2.29    3.24
  -9240.832    18.389    -2.79    2.57
  -8951.700    17.565    -2.85    1.98
  -8662.591    17.073    -1.70    1.97
  -8373.506    16.578    -1.71    1.98
  -8084.443    16.152    -1.48    1.84
  -7795.403    15.683    -1.62    1.77
  -7506.386    15.117    -1.96    1.80
  -7217.392    14.976    -0.49    2.00
  -6928.421    15.342     1.27    2.64
  -6639.473    15.761     1.45    3.11
  -6350.547    15.877     0.40    3.30
  -6061.645    15.889     0.04    3.55
  -5772.765    16.204     1.09    3.59
  -5483.909    16.141    -0.22    3.49
  -5195.075    16.062    -0.27    3.33
  -4906.264    15.439    -2.16    3.17
  -4617.476    14.042    -4.84    4.04
  -4328.711    12.454    -5.50    5.43
  -4039.969    10.291    -7.49    6.26
  -3751.249     7.965    -8.06    6.66
  -3462.552     5.374    -8.98    6.36
  -3173.879     3.589    -6.18    5.19
  -2885.228     2.734    -2.96    4.17
  -2596.600     1.976    -2.63    3.08
  -2307.994     1.899    -0.27    2.84
  -2019.412     1.541    -1.24    2.35
  -1730.852     1.558     0.06    2.32
  -1442.315     1.471    -0.30    2.25
  -1153.801     1.254    -0.75    2.20
   -865.310     0.965    -1.00    2.01
   -576.842     0.615    -1.22    1.60
   -288.396     0.302    -1.08    1.08
      0.027     0.598     1.03    1.92
    288.427     1.589     3.44    2.98
    576.805     2.443     2.96    3.41
    865.159     3.277     2.89    3.43
   1153.491     4.208     3.23    3.38
   1441.800     5.428     4.23    3.07
   1730.087     6.602     4.07    2.41
   2018.350     7.357     2.62    2.21
   2306.591     7.598     0.84    2.30
   2594.810     7.890     1.01    2.34
   2883.005     8.103     0.74    2.16
   3171.178     8.576     1.64    2.13
   3459.328     8.954     1.31    1.95
   3747.455     8.954    -0.00    1.90
   4035.560     8.809    -0.50    1.61
   4323.642     8.704    -0.36    1.57
   4611.701     8.625    -0.27    1.47
   4899.738     8.355    -0.94    1.23
   5187.752     8.245    -0.38    1.22
   5475.743     8.130    -0.40    1.16
   5763.711     8.043    -0.30    1.13
   6051.657     8.053     0.04    1.09
   6339.581     7.923    -0.45    1.03
   6627.481     7.831    -0.32    1.09
   6915.359     7.774    -0.20    1.12
   7203.215     7.693    -0.28    1.03
   7491.047     7.643    -0.18    0.96
   7778.858     7.726     0.29    1.04
   8066.645     7.774     0.17    1.09
   8354.410     8.092     1.11    1.22
   8642.152     8.306     0.74    1.40
   8929.872     8.406     0.35    1.47
   9217.569     8.503     0.34    1.53
   9505.244     8.690     0.65    1.70
   9792.895     8.783     0.32    1.61
  10080.525     8.774    -0.03    1.74
  10368.132     8.551    -0.78    1.86
  10655.716     8.902     1.22    3.01
  10943.277    10.284     4.81    5.25
  11230.816    12.031     6.08    6.45
  11518.333    13.987     6.80    7.28
  11805.827    16.061     7.22    7.57
  12093.298    18.122     7.17    7.68
  12380.747    20.157     7.08    7.22
  12668.174    22.009     6.44    7.00
  12955.577    22.854     2.94    6.70
  13242.959    23.844     3.45    6.00
  13530.318    24.492     2.26    5.15
  13817.654    25.176     2.38    4.48
  14104.968    26.242     3.71    4.27
  14392.259    26.846     2.10    4.16
  14679.528    27.520     2.35    3.74
  14966.774    28.298     2.71    2.80
  15253.998    28.813     1.79    1.86
  15541.199    28.632    -0.63    1.84
  15828.378    27.892    -2.58    1.85
  16115.535    27.422    -1.64    1.58
  16402.669    27.076    -1.20    1.36
  16689.780    27.019    -0.20    1.29
  16976.870    27.086     0.23    1.24
  17263.936    27.335     0.87    1.39
  17550.980    27.798     1.61    1.61
  17838.002    28.427     2.19    1.67
  18125.002    28.787     1.26    1.74
  18411.979    29.041     0.88    1.66
  18698.933    29.030    -0.04    1.68
  18985.865    28.854    -0.62    1.68
  19272.775    28.262    -2.06    1.89
  19559.662    27.587    -2.35    1.96
  19846.527    26.695    -3.11    2.14
  20133.370    25.854    -2.93    2.25
  20420.190    25.343    -1.78    2.14
  20706.988    24.976    -1.28    2.13
  20993.763    24.544    -1.51    2.11
  21280.517    24.287    -0.90    2.15
  21567.247    23.964    -1.13    2.33
  21853.956    23.896    -0.24    2.57
  22140.642    24.198     1.05    2.90
  22427.305    24.520     1.12    3.26
  22713.947    25.302     2.73    3.74
  23000.566    26.695     4.86    3.76
  23287.162    28.231     5.36    3.26
  23573.737    29.616     4.83    2.59
  23860.289    30.582     3.37    2.23
  24146.819    31.578     3.47    2.28
  24433.326    32.609     3.60    2.21
  24719.811    33.362     2.63    2.24
  25006.274    34.109     2.61    2.23
  25292.715    34.898     2.75    2.14
  25579.133    35.687     2.75    2.26
  25865.529    36.335     2.26    2.37
  26151.903    36.976     2.24    2.65
  26438.255    37.852     3.06    2.95
  26724.584    39.054     4.20    3.28
  27010.891    40.265     4.23    3.23
  27297.176    40.876     2.13    3.00
  27583.438    40.268    -2.12    3.80
  27869.678    38.720    -5.41    5.19
  28155.896    37.220    -5.24    5.72
  28442.092    35.987    -4.31    5.60
  28728.266    35.391    -2.08    5.09
  29014.417    35.436     0.16    5.00
  29300.546    37.101     5.82    5.51
  29586.653    39.361     7.90    5.66
  29872.738    41.042     5.88    5.65
  30158.801    42.503     5.11    5.68
  30444.841    43.943     5.03    5.63
  30730.859    45.031     3.80    5.69
  31016.855    46.229     4.19    5.85
  31302.829    47.154     3.23    5.96
  31588.781    48.245     3.82    5.92
  31874.710    49.245     3.50    5.42
  32160.618    49.811     1.98    5.42
  32446.503    50.406     2.08    5.34
  32732.366    51.061     2.29    5.19
  33018.207    52.094     3.61    4.26
  33304.026    53.052     3.35    3.02
  33589.822    53.454     1.40    1.45
  33875.597    53.254    -0.70    1.42
  34161.349    52.791    -1.62    2.07
  34447.080    52.402    -1.36    2.81
  34732.788    51.966    -1.53    3.59
  35018.474    51.643    -1.13    4.68
  35304.138    51.438    -0.72    5.55
  35589.780    51.155    -0.99    6.01
  35875.400    50.295    -3.01    6.44
  36160.998    48.750    -5.41    7.17
  36446.573    47.136    -5.65    7.22
  36732.127    45.625    -5.29    6.94
  37017.659    41.911   -13.01    9.17
  37303.168    37.405   -15.78   10.91
  37588.656    32.976   -15.51   10.83
  37874.121    30.313    -9.33    9.59
  38159.564    28.912    -4.91    8.03
  38444.986    29.508     2.09    8.14
  38730.385    32.019     8.80    9.21
  39015.762    35.331    11.61    9.23
  39301.118    38.460    10.96    8.43
  39586.451    40.288     6.41    7.54
  39871.762    41.558     4.45    6.95
  40157.051    42.712     4.04    6.65
  40442.319    43.643     3.26    6.80
  40727.564    44.965     4.64    6.99
  41012.787    46.687     6.04    7.17
  41297.988    48.476     6.27    6.65
  41583.168    50.420     6.82    5.57
  41868.325    52.010     5.57    4.56
  42153.460    53.123     3.91    3.74
  42438.574    53.720     2.09    3.41
  42723.665    54.135     1.45    2.98
  43008.735    54.515     1.33    2.69
  43293.782    55.189     2.36    2.11
  43578.808    55.998     2.84    2.25
  43863.812    56.609     2.14    2.35
  44148.793    57.320     2.50    2.19
  44433.753    57.818     1.75    1.75
  44718.691    57.839     0.07    1.52
  45003.607    57.582    -0.90    1.57
  45288.501    56.843    -2.60    2.25
  45574.065    55.650    -4.18    3.27
  45863.764    54.077    -5.43    4.48
  46153.440    52.212    -6.44    5.42
  46443.093    50.785    -4.93    5.58
  46732.723    49.589    -4.13    5.39
  47022.331    48.448    -3.94    5.28
  47311.915    47.396    -3.63    5.04
  47601.476    46.796    -2.07    4.72
  47891.014    46.290    -1.75    4.52
  48180.529    46.098    -0.66    4.65
  48470.022    45.976    -0.42    5.00
  48759.491    46.692     2.47    5.35
  49048.937    48.531     6.36    5.06
  49338.361    49.976     4.99    4.41
  49627.761    50.560     2.02    3.47
  49917.139    50.886     1.13    2.87
  50206.494    51.234     1.20    2.62
  50495.825    51.358     0.43    2.69
  50785.134    50.919    -1.52    3.11
  51074.420    50.605    -1.08    3.11
  51363.683    50.931     1.13    3.00
  51652.923    51.729     2.76    2.67
  51942.140    52.178     1.55    2.54
  52231.335    52.706     1.83    2.28
  52520.506    53.358     2.25    1.87
  52809.655    53.964     2.10    1.30
  53098.780    54.358     1.36    1.06
  53387.883    54.398     0.14    0.99
  53676.963    54.347    -0.18    1.11
  53966.020    54.089    -0.89    1.41
  54255.055    53.504    -2.03    2.17
  54544.066    52.709    -2.75    2.96
  54833.055    51.562    -3.97    4.00
  55122.021    50.178    -4.79    5.16
  55410.963    48.831    -4.66    5.96
  55699.884    47.298    -5.31    6.52
  55988.781    45.567    -5.99    6.49
  56277.656    44.458    -3.84    6.09
  56566.507    44.165    -1.02    6.00
  56855.336    44.090    -0.26    6.28
  57144.142    44.358     0.93    6.57
  57432.926    44.176    -0.63    7.02
  57721.686    43.743    -1.50    7.02
  58010.424    44.351     2.11    6.88
  58299.139    45.585     4.27    6.76
  58587.832    46.672     3.77    6.37
  58876.501    47.919     4.32    5.59
  59165.148    49.167     4.32    4.36
  59453.772    50.454     4.46    3.34
  59742.373    50.687     0.81    3.42
  60030.952    50.099    -2.04    4.23
  60319.508    49.226    -3.03    4.96
  60608.041    48.101    -3.90    5.61
  60896.551    46.589    -5.24    6.53
  61185.039    44.009    -8.94    8.39
  61473.504    41.910    -7.28    9.52
  61761.946    39.163    -9.52   10.04
  62050.366    36.154   -10.43    9.68
  62338.763    33.169   -10.35    8.61
  62627.137    30.954    -7.68    7.00
  62915.489    29.897    -3.66    6.30
  63203.818    29.088    -2.81    6.35
  63492.124    28.543    -1.89    6.64
  63780.407    28.218    -1.13    6.95
  64068.668    27.443    -2.69    6.97
  64356.907    26.265    -4.09    6.52
  64645.122    25.077    -4.12    5.85
  64933.315    24.576    -1.74    5.91
  65221.486    24.198    -1.31    6.73
  65509.633    23.920    -0.96    7.62
  65797.758    24.240     1.11    8.70
  66085.861    23.602    -2.21    8.93
  66373.941    22.831    -2.68    8.81
  66661.998    22.200    -2.19    8.32
  66950.033    21.220    -3.40    7.29
  67238.045    20.743    -1.66    6.37
  67526.034    21.176     1.50    5.66
  67814.001    22.107     3.23    5.21
  68101.946    22.855     2.60    4.51
  68389.868    23.765     3.16    3.45
  68677.767    24.554     2.74    2.52
  68965.643    24.943     1.35    1.79
  69253.498    24.807    -0.47    1.70
  69541.329    24.687    -0.42    2.15
  69829.138    24.646    -0.14    2.15
  70116.925    24.514    -0.46    2.08
  70404.689    24.383    -0.46    1.74
  70692.430    24.309    -0.26    1.67
  70980.149    23.897    -1.43    2.21
  71267.845    22.643    -4.36    3.43
  71555.519    20.787    -6.45    5.13
  71843.171    18.765    -7.03    6.22
  72130.800    16.262    -8.70    7.19
  72418.406    13.822    -8.48    7.59
  72705.990    11.043    -9.66    7.13
  72993.551     8.920    -7.38    6.23
  73281.090     7.909    -3.52    5.75
  73568.607     7.302    -2.11    5.59
  73856.101     7.487     0.64    6.44
  74143.573     7.943     1.58    7.07
  74431.022     7.899    -0.15    7.22
  74718.448     7.531    -1.28    6.86
  75005.853     6.852    -2.36    6.35
  75293.234     5.672    -4.10    5.12
  75580.594     4.443    -4.28    3.53
  75867.931     3.680    -2.65    2.26
  76155.245     3.231    -1.56    1.61
  76442.537     2.855    -1.31    1.67
  76729.807     2.701    -0.54    1.69
  77017.054     2.436    -0.92    1.69
  77304.279     2.251    -0.64    1.66
  77591.482     2.078    -0.60    1.61
  77878.662     1.862    -0.75    1.53
  78165.820     1.782    -0.28    1.30
  78452.955     1.654    -0.45    1.20
  78740.068     1.476    -0.62    1.08
  79027.159     1.212    -0.92    1.34
  79314.227     0.654    -1.94    2.01
  79601.273    -0.024    -2.36    2.36
  79888.296    -0.766    -2.58    2.48
  80175.298    -1.553    -2.74    2.38
  80462.276    -2.170    -2.15    2.24
  80749.233    -2.824    -2.28    2.01
  81036.167    -3.202    -1.32    1.82
  81323.079    -3.445    -0.85    1.76
  81609.969    -3.757    -1.09    1.30
  81896.836    -3.969    -0.74    1.37
  82183.681    -4.243    -0.96    1.41
  82470.504    -4.323    -0.28    1.37
  82757.304    -4.513    -0.66    1.27
  83044.082    -4.624    -0.39    1.29
  83330.838    -4.724    -0.35    1.46
  83617.572    -4.672     0.18    1.52
  83904.283    -4.615     0.20    1.62
  84190.972    -4.669    -0.19    1.53
  84477.639    -4.726    -0.20    1.61
  84764.283    -5.002    -0.96    1.79
  85050.905    -5.316    -1.10    1.76
  85337.505    -5.746    -1.50    1.61
  85624.083    -6.283    -1.87    1.30
  85910.639    -6.427    -0.50    1.32
  86197.172    -6.451    -0.09    1.22
  86483.683    -6.631    -0.63    1.40
  86770.172    -6.933    -1.06    1.45
  87056.638    -7.204    -0.94    1.37
  87343.083    -7.395    -0.67    1.35
  87629.505    -7.687    -1.02    1.30
  87915.905    -7.833    -0.51    1.28
  88202.283    -7.854    -0.07    1.18
  88488.639    -7.786     0.24    1.20
  88774.972    -8.451    -2.32    2.32
  89061.283    -9.081    -2.20    2.72
  89347.573   -10.035    -3.33    3.01
  89633.840   -10.695    -2.30    3.18
  89920.084   -11.263    -1.98    3.29
  90206.307   -11.535    -0.95    3.32
  90492.508   -11.343     0.67    3.35
  90778.686   -10.502     2.94    3.49
  91064.842   -10.411     0.32    3.63
  91350.976   -10.786    -1.31    3.64
  91637.088   -10.991    -0.72    3.43
  91923.178   -11.305    -1.10    3.26
  92209.246   -10.957     1.22    3.25
  92495.292   -10.627     1.15    3.07
  92781.315   -10.094     1.86    2.94
  93067.316   -10.103    -0.03    2.50
  93353.296   -10.105    -0.01    2.35
  93639.253    -9.752     1.24    2.25
  93925.188    -9.215     1.88    1.98
  94211.101    -9.280    -0.23    2.07
  94496.992    -9.013     0.93    2.90
  94782.861    -8.172     2.94    4.01
  95068.708    -6.327     6.45    5.02
  95354.533    -4.446     6.58    5.80
  95640.336    -3.141     4.57    6.35
  95926.117    -1.048     7.32    6.70
  96211.875     1.109     7.55    6.64
  96497.612     3.876     9.68    6.33
  96783.327     6.498     9.18    5.80
  97069.019     9.178     9.38    5.56
  97354.690    11.661     8.69    5.62
  97640.339    14.565    10.16    5.88
  97925.965    17.646    10.79    6.00
  98211.570    21.220    12.51    6.59
  98497.152    25.042    13.38    7.37
  98782.713    29.019    13.93    8.54
  99068.252    33.987    17.40   10.52
  99353.768    40.176    21.67   13.92
  99639.263    47.776    26.62   17.18
  99924.736    57.076    32.57   19.93
 100210.186    68.119    38.68   22.82
 100495.615    79.898    41.27   23.19
 100781.022    87.554    26.82   20.11
 101066.407    94.712    25.08   18.05
 101351.770   101.420    23.51   18.51
 101637.111   106.183    16.69   18.86
 101922.430   108.976     9.79   18.01
 102207.727   106.291    -9.41   19.74
 102493.002   100.568   -20.06   25.09
 102778.255    92.770   -27.33   29.47
 103063.487    83.498   -32.50   29.54
 103348.696    75.560   -27.83   24.12
 103633.884    73.954    -5.63   21.83
 103919.050    77.954    14.03   25.31
 104204.193    86.073    28.47   27.76
 104489.315    96.139    35.30   25.93
 104774.415   100.051    13.72   21.89
 105059.493   102.568     8.83   21.86
 105344.550   102.855     1.01   23.56
 105629.584   100.695    -7.58   24.89
 105914.597    95.234   -19.16   24.79
 106199.587    89.367   -20.58   22.46
 106484.556    87.237    -7.48   20.83
 106769.503    87.291     0.19   19.86
 107054.429    89.689     8.41   19.23
 107339.332    94.107    15.50   22.16
 107626.176   101.420    25.50   24.85
 107915.879   110.594    31.66   24.00
 108205.559   117.290    23.12   20.09
 108495.216   119.770     8.56   18.30
 108784.850   117.051    -9.38   20.70
 109074.462   111.215   -20.15   23.87
 109364.050   100.327   -37.59   26.03
 109653.616    87.879   -42.98   26.70
 109943.159    74.932   -44.71   26.44
 110232.678    63.302   -40.17   25.75
 110522.175    52.290   -38.03   23.85
 110811.650    41.646   -36.77   20.39
 111101.101    32.726   -30.81   15.63
 111390.529    26.700   -20.82   11.30
 111679.935    22.761   -13.61    8.36
 111969.318    19.965    -9.66    5.99
 112258.678    17.976    -6.87    3.45
 112548.015    16.987    -3.42    1.49
 112837.329    16.792    -0.68    1.42
 113126.620    16.454    -1.17    1.38
 113415.889    16.331    -0.42    1.38
 113705.135    16.130    -0.70    1.38
 113994.358    16.075    -0.19    1.26
 114283.558    15.822    -0.87    1.23
 114572.736    15.565    -0.89    1.27
 114861.890    15.405    -0.55    1.28
 115151.022    15.127    -0.96    1.26
 115440.131    15.052    -0.26    1.32
 115729.218    15.543     1.70    3.61
 116018.281    15.828     0.99    4.47
 116307.322    16.448     2.14    6.16
 116596.340    16.661     0.74    6.90
 116885.335    16.769     0.37    7.25
 117174.308    16.578    -0.66    6.76
 117463.258    16.198    -1.31    6.15
 117752.185    15.931    -0.92    5.81
 118041.090    15.470    -1.60    4.53
 118329.971    14.952    -1.79    3.32
 118618.830    14.871    -0.28    2.81
 118907.667    14.820    -0.17    2.68
 119196.480    15.022     0.70    2.82
 119485.271    15.366     1.19    3.07
 119774.039    15.762     1.37    3.25
 120062.785    15.998     0.82    3.23
 120351.508    16.335     1.17    3.13
 120640.208    16.555     0.76    3.12
 120928.886    17.032     1.65    3.86
 121217.540    18.178     3.97    5.40
 121506.173    20.555     8.24    7.93
 121794.782    23.919    11.65   10.60
 122083.369    28.515    15.93   13.63
 122371.933    34.657    21.28   16.33
 122660.475    42.237    26.27   19.43
 122948.994    52.144    34.33   22.39
 123237.491    62.192    34.82   23.61
 123525.964    73.240    38.30   22.59
 123814.416    83.646    36.07   19.97
 124102.844    92.849    31.90   16.16
 124391.250    99.282    22.30   11.55
 124679.634   103.369    14.17    7.10
 124967.994   105.009     5.69    5.65
 125256.333   105.077     0.23    5.99
 125544.648   103.885    -4.13    6.38
 125832.942   101.801    -7.23    6.49
 126121.212    99.286    -8.72    7.51
 126409.460    94.504   -16.59   12.43
 126697.685    85.115   -32.57   21.82
 126985.888    72.078   -45.23   29.09
 127274.069    58.339   -47.67   30.69
 127562.227    44.920   -46.56   27.48
 127850.362    33.776   -38.67   20.74
 128138.475    25.555   -28.53   11.24
 128426.565    21.673   -13.47    3.07
 128714.632    22.309     2.21    3.89
 129002.678    25.918    12.53    9.62
 129290.700    32.243    21.96   16.51
 129578.701    40.217    27.68   21.04
 129866.678    49.257    31.39   22.68
 130154.634    61.020    40.85   24.28
 130442.566    73.054    41.79   23.13
 130730.477    84.347    39.22   21.36
 131018.364    94.125    33.96   21.70
 131306.230   104.920    37.49   24.33
 131594.073   113.639    30.29   23.81
 131881.893   119.863    21.62   20.04
 132169.691   121.676     6.30   18.57
 132457.467   122.690     3.52   17.33
 132745.220   123.585     3.11   18.24
 133032.950   123.631     0.16   19.49
 133320.659   126.077     8.50   22.23
 133608.344   130.192    14.30   23.40
 133896.008   134.729    15.77   21.96
 134183.649   141.873    24.84   18.56
 134471.267   147.054    18.01   18.40
 134758.864   149.476     8.42   18.16
 135046.437   147.405    -7.20   18.21
 135333.989   142.580   -16.77   18.23
 135621.518   139.531   -10.60   18.65
 135909.024   135.287   -14.76   19.54
 136196.509   128.476   -23.69   19.88
 136483.971   120.031   -29.37   18.35
 136771.410   114.543   -19.09   16.91
 137058.827   111.798    -9.55   14.84
 137346.222   111.998     0.70   14.73
 137633.595   114.754     9.59   16.98
 137920.945   121.176    22.35   21.12
 138208.273   130.087    31.01   22.71
 138495.578   137.343    25.25   21.26
 138782.862   143.745    22.28   20.27
 139070.122   149.350    19.51   20.27
 139357.361   156.229    23.95   18.89
 139644.577   160.074    13.39   17.78
 139931.771   161.809     6.04   16.88
 140218.943   163.698     6.58   16.08
 140506.092   167.033    11.61   16.80
 140793.219   167.809     2.70   17.82
 141080.324   168.690     3.07   16.97
 141367.407   167.525    -4.06   15.45
 141654.467   164.357   -11.04   15.97
 141941.505   159.672   -16.32   19.21
 142228.521   151.128   -29.76   22.80
 142515.514   141.130   -34.83   23.92
 142802.486   131.257   -34.40   23.49
 143089.435   121.906   -32.58   20.71
 143376.362   112.854   -31.55   15.62
 143663.266   104.756   -28.22   13.38
 143950.148    98.530   -21.70   14.90
 144237.009    89.715   -30.73   20.27
 144523.847    82.476   -25.23   22.16
 144810.662    82.672     0.68   22.87
 145097.456    84.712     7.11   25.13
 145384.227    88.920    14.67   27.79
 145670.976    93.841    17.16   28.00
 145957.703   101.133    25.43   26.44
 146244.408   107.064    20.68   23.83
 146531.090   110.704    12.70   22.56
 146817.751   110.396    -1.08   25.08
 147104.389   111.030     2.21   27.31
 147391.005   113.487     8.57   29.48
 147677.599   116.248     9.63   30.20
 147964.171   118.065     6.34   30.02
 148250.721   118.627     1.96   29.68
 148537.248   118.930     1.06   27.48
 148823.753   120.831     6.64   26.48
 149110.237   128.204    25.73   30.16
 149396.698   138.438    35.72   32.77
 149683.137   150.335    41.53   34.15
 149969.554   162.470    42.37   34.18
 150255.948   172.704    35.73   31.61
 150542.321   177.787    17.75   31.33
 150828.672   176.896    -3.11   34.73
 151115.000   168.549   -29.15   39.19
 151401.307   159.565   -31.38   39.90
 151687.591   146.857   -44.38   37.21
 151973.853   137.172   -33.83   29.66
 152260.094   132.476   -16.40   20.91
 152546.312   130.030    -8.55   16.15
 152832.508   128.291    -6.07   12.26
 153118.682   126.734    -5.44    9.44
 153404.834   126.155    -2.02    8.38
 153690.964   123.828    -8.13    9.31
 153977.072   122.908    -3.21    9.93
 154263.158   123.130     0.77   11.47
 154549.222   126.183    10.67   14.59
 154835.263   131.361    18.10   17.32
 155121.283   139.226    27.50   17.08
 155407.281   147.811    30.01   14.53
 155693.257   155.791    27.90   14.31
 155979.211   162.734    24.28   14.90
 156265.143   168.817    21.27   14.36
 156551.052   172.079    11.41   13.00
 156836.940   174.163     7.29   11.84
 157122.806   174.558     1.38   12.46
 157408.650   173.302    -4.39   13.59
 157694.472   170.438   -10.02   14.06
 157980.272   168.900    -5.38   14.14
 158266.050   170.541     5.74   15.62
 158551.806   173.877    11.67   17.33
 158837.540   176.765    10.10   16.93
 159123.253   177.228     1.62   17.90
 159408.943   172.631   -16.09   21.10
 159694.611   168.865   -13.18   22.26
 159980.258   166.580    -8.00   21.06
 160265.882   165.701    -3.08   19.40
 160551.485   167.443     6.10   18.88
 160837.065   173.405    20.87   20.93
 161122.624   179.931    22.85   20.89
 161408.161   185.076    18.01   19.68
 161693.676   187.331     7.90   21.64
 161979.169   188.279     3.32   23.88
 162264.640   183.276   -17.52   27.98
 162550.090   177.943   -18.68   28.97
 162835.517   174.043   -13.66   28.74
 163120.923   169.998   -14.17   26.85
 163406.307   165.839   -14.57   24.52
 163691.669   163.365    -8.67   24.75
 163977.009   159.198   -14.60   25.46
 164262.327   157.476    -6.04   25.55
 164547.623   156.668    -2.83   24.75
 164832.898   156.715     0.16   25.34
 165118.150   158.130     4.96   26.12
 165403.381   159.709     5.54   26.61
 165688.590   163.453    13.12   28.86
 165973.778   171.351    27.69   30.12
 166258.943   178.782    26.06   30.66
 166544.087   182.401    12.69   32.88
 166829.209   184.639     7.85   34.23
 167114.309   188.676    14.16   36.24
 167399.387   191.887    11.26   35.72
 167684.444   196.743    17.03   32.88
 167969.478   203.066    22.18   31.01
 168254.491   209.347    22.03   28.90
 168539.482   213.156    13.36   27.34
 168824.452   217.066    13.72   25.87
 169109.400   221.106    14.18   25.06
 169394.325   226.812    20.02   22.79
 169682.507   230.647    13.31   22.73
