-196453.955   655.652     0.00   77.78
-196166.508   660.794    17.89   95.55
-195879.083   650.488   -35.86  103.83
-195591.682   636.641   -48.19  102.28
-195304.303   630.145   -22.61   97.65
-195016.947   629.832    -1.09   92.11
-194729.613   631.429     5.56   88.93
-194442.302   629.319    -7.34   85.05
-194155.013   637.662    29.04   89.67
-193867.748   655.652    62.64   99.22
-193580.504   683.633    97.43  111.21
-193293.284   717.490   117.90  117.30
-193006.086   756.756   136.74  114.01
-192718.910   790.963   119.13  107.97
-192431.758   821.589   106.67  107.34
-192144.627   848.523    93.82  115.58
-191857.520   867.018    64.43  115.19
-191570.435   880.979    48.64  110.53
-191283.372   896.864    55.35  107.74
-190996.332   922.040    87.72  112.72
-190709.315   944.121    76.95  100.03
-190422.320   951.001    23.98   91.50
-190135.347   948.568    -8.48   94.86
-189848.398   935.633   -45.08  106.81
-189561.470   915.915   -68.73  115.17
-189274.566   880.523  -123.37  113.35
-188987.683   833.012  -165.64   97.86
-188700.824   807.656   -88.40   94.15
-188413.987   779.666   -97.60  100.22
-188127.172   739.738  -139.23  105.60
-187840.380   707.706  -111.71  103.59
-187553.610   683.903   -83.02   84.60
-187266.863   680.147   -13.10   82.45
-186980.138   693.078    45.10   94.92
-186693.436   714.513    74.78  105.09
-186406.756   758.839   154.64  107.14
-186120.099   814.072   192.71  103.75
-185833.464   856.233   147.11   97.33
-185546.851   881.334    87.59   83.85
-185260.262   887.774    22.47   77.13
-184973.694   872.039   -54.91   90.18
-184687.149   836.619  -123.63  112.88
-184400.626   797.566  -136.32  109.76
-184114.126   773.268   -84.82   91.98
-183827.648   771.993    -4.45   90.06
-183541.193   776.993    17.46   97.97
-183254.760   798.319    74.47  102.60
-182968.349   842.448   154.10  108.27
-182681.961   901.610   206.61  100.36
-182395.595   929.652    97.94   93.70
-182109.252   923.255   -22.35   96.47
-181822.931   895.397   -97.31  111.83
-181536.632   868.413   -94.27  129.38
-181250.356   833.969  -120.34  139.16
-180964.102   789.268  -156.18  135.38
-180677.871   747.787  -144.94  114.72
-180391.661   716.633  -108.87   90.57
-180105.474   704.356   -42.90   77.38
-179819.310   702.759    -5.58   72.76
-179533.168   714.754    41.93   83.23
-179247.048   737.952    81.09  100.93
-178960.950   765.806    97.37  111.19
-178674.875   798.074   112.81  118.24
-178388.822   835.101   129.46  125.61
-178102.792   854.002    66.09  134.37
-177816.783   867.996    48.94  132.95
-177530.798   887.908    69.64  126.53
-177244.834   895.879    27.88  115.70
-176958.892   917.190    74.54  111.72
-176672.973   935.002    62.31  108.55
-176387.077   971.732   128.49  118.28
-176101.202  1008.447   128.45  119.65
-175815.350  1026.771    64.11  120.60
-175529.520  1050.728    83.83  118.61
-175243.712  1071.992    74.41  125.80
-174957.926  1081.368    32.81  133.43
-174672.163  1071.907   -33.11  144.22
-174386.422  1047.825   -84.29  145.83
-174100.703  1021.284   -92.90  134.87
-173815.007  1010.896   -36.37  120.56
-173529.332  1008.371    -8.84  105.41
-173243.680  1008.524     0.53   93.89
-172958.050  1021.882    46.78   95.46
-172672.442  1036.878    52.51   96.37
-172386.857  1042.459    19.54   97.30
-172101.293  1038.618   -13.45  101.37
-171815.752  1032.970   -19.78  101.39
-171530.233  1008.407   -86.04  109.02
-171244.736   995.534   -45.09  104.71
-170959.262   971.726   -83.41   97.48
-170673.809   934.943  -128.88   90.86
-170388.379   905.934  -101.65   90.67
-170102.971   870.390  -124.56   88.16
-169817.585   844.190   -91.82   82.07
-169532.221   825.079   -66.98   81.01
-169246.879   811.806   -46.52   75.96
-168961.560   802.358   -33.12   76.01
-168676.262   798.904   -12.11   80.21
-168390.987   799.208     1.07   87.28
-168105.734   788.268   -38.36   95.69
-167820.503   774.578   -48.00  102.28
-167535.294   763.223   -39.82  101.97
-167250.107   756.117   -24.92  104.27
-166964.942   752.290   -13.42  106.44
-166679.799   744.279   -28.10  103.20
-166394.679   736.222   -28.26  102.71
-166109.580   729.404   -23.92   98.06
-165824.504   730.448     3.66   98.58
-165539.449   717.986   -43.73   87.91
-165254.417   727.018    31.69   94.12
-164969.407   738.717    41.05  104.59
-164684.418   761.420    79.67  109.98
-164399.452   786.682    88.66  104.50
-164114.508   791.523    16.99   98.78
-163829.586   794.749    11.32   89.05
-163544.686   790.832   -13.75   81.55
-163259.808   786.628   -14.76   79.88
-162972.888   781.972   -16.23   85.72
-162683.174   779.587    -8.23   86.40
-162393.484   778.045    -5.32   86.87
-162103.817   767.706   -35.70   89.04
-161814.173   757.050   -36.80   93.47
-161524.552   738.982   -62.39   92.95
-161234.954   722.115   -58.25   87.50
-160945.380   702.986   -66.07   83.55
-160655.828   687.158   -54.67   83.25
-160366.300   687.375     0.75   91.40
-160076.794   684.930    -8.45   97.58
-159787.312   680.938   -13.79  101.37
-159497.853   669.652   -39.00   98.74
-159208.417   657.915   -40.56   96.70
-158919.004   636.803   -72.96   95.77
-158629.615   610.218   -91.88   93.54
-158340.248   583.197   -93.39   87.45
-158050.904   558.688   -84.72   75.69
-157761.584   537.341   -73.79   62.75
-157472.286   513.062   -83.93   45.36
-157183.012   497.949   -52.25   31.08
-156893.760   489.271   -30.01   25.93
-156604.532   484.056   -18.03   23.72
-156315.327   482.276    -6.15   23.81
-156026.144   485.545    11.31   28.22
-155736.985   494.868    32.24   39.32
-155447.849   511.449    57.36   50.71
-155158.735   531.825    70.48   59.64
-154869.645   554.588    78.75   69.50
-154580.578   582.534    96.69   72.12
-154291.534   607.828    87.52   59.16
-154002.513   620.284    43.10   47.27
-153713.514   619.012    -4.40   50.42
-153424.539   609.034   -34.53   59.03
-153135.587   589.237   -68.52   69.95
-152846.657   562.512   -92.51   67.01
-152557.751   538.975   -81.48   60.68
-152268.868   522.523   -56.96   57.63
-151980.007   511.621   -37.75   55.44
-151691.170   513.734     7.32   59.59
-151402.355   518.890    17.85   60.96
-151113.564   536.143    59.75   66.08
-150824.795   560.712    85.09   69.58
-150536.049   585.073    84.38   67.90
-150247.326   607.845    78.88   55.30
-149958.626   611.968    14.28   48.49
-149669.949   603.216   -30.32   55.90
-149381.295   585.084   -62.82   65.42
-149092.664   560.089   -86.61   69.46
-148804.055   529.141  -107.24   62.32
-148515.470   504.523   -85.32   53.72
-148226.907   486.961   -60.87   48.43
-147938.368   473.281   -47.42   46.78
-147649.851   461.368   -41.30   45.66
-147361.357   450.480   -37.74   47.80
-147072.885   437.927   -43.52   46.64
-146784.437   429.062   -30.74   46.61
-146496.012   418.034   -38.24   46.18
-146207.609   406.545   -39.84   47.45
-145919.229   397.123   -32.68   49.60
-145630.872   391.123   -20.81   52.09
-145342.538   380.943   -35.31   52.14
-145054.227   368.912   -41.74   49.09
-144765.938   354.886   -48.66   38.59
-144477.672   343.853   -38.28   25.01
-144189.430   336.925   -24.04   11.79
-143901.209   334.612    -8.03    4.73
-143613.012   335.045     1.50    5.46
-143324.837   334.925    -0.42    6.30
-143036.686   334.956     0.11    6.36
-142748.557   335.089     0.46    6.52
-142460.450   335.345     0.89    6.76
-142172.367   336.634     4.47    7.53
-141884.306   339.390     9.57    9.62
-141596.268   344.601    18.09   14.60
-141308.253   353.952    32.47   23.26
-141020.260   365.112    38.76   30.59
-140732.290   377.545    43.18   34.94
-140444.343   389.303    40.84   35.12
-140156.419   403.947    50.87   33.26
-139868.517   419.556    54.22   32.26
-139580.638   434.308    51.25   33.00
-139292.782   448.371    48.86   35.13
-139004.948   461.233    44.69   40.98
-138717.137   475.491    49.55   46.50
-138429.349   491.437    55.42   49.04
-138141.584   508.158    58.11   51.13
-137853.841   524.012    55.11   54.25
-137566.121   543.308    67.07   58.90
-137278.423   560.760    60.67   65.21
-136990.748   572.330    40.22   71.64
-136703.096   589.303    59.01   76.33
-136415.466   613.282    83.38   80.43
-136127.860   647.675   119.60   84.39
-135840.275   680.330   113.56   86.00
-135552.714   706.686    91.67   87.85
-135265.175   726.172    67.78   87.25
-134977.658   741.753    54.20   85.98
-134690.164   752.008    35.67   84.14
-134402.693   761.208    32.01   92.13
-134115.244   771.666    36.39  101.68
-133827.818   784.460    44.52  106.54
-133540.415   795.909    39.84  107.54
-133253.034   800.659    16.53  108.48
-132965.676   803.492     9.86  104.41
-132678.340   820.205    58.17   99.16
-132391.027   846.099    90.14  104.46
-132103.736   873.470    95.28  115.84
-131816.468   897.555    83.85  114.58
-131529.223   927.428   104.01  113.53
-131242.000   969.034   144.87  118.89
-130954.799  1007.002   132.21  123.06
-130667.622  1050.610   151.87  117.20
-130380.466  1076.726    90.95  101.76
-130093.333  1094.987    63.61   78.98
-129806.223  1102.197    25.12   70.70
-129519.135  1090.781   -39.77   75.46
-129232.070  1064.040   -93.17   77.61
-128945.027  1029.839  -119.16   65.49
-128658.007  1008.589   -74.04   58.97
-128371.009   989.523   -66.44   57.75
-128084.034   971.974   -61.16   56.22
-127797.081   965.369   -23.02   56.32
-127510.150   965.934     1.97   59.06
-127223.243   974.051    28.29   68.46
-126936.357   980.212    21.48   73.37
-126649.494   991.256    38.50   81.86
-126362.653  1005.690    50.32   87.97
-126075.835  1020.968    53.27   85.28
-125789.040  1032.433    39.98   78.93
-125502.266  1037.248    16.79   75.19
-125215.516  1029.084   -28.48   81.05
-124928.787  1005.787   -81.26   94.31
-124642.081   979.845   -90.49   93.88
-124355.398   954.568   -88.18   82.77
-124068.736   928.456   -91.10   69.69
-123782.098   910.256   -63.50   64.74
-123495.481   897.823   -43.38   68.94
-123208.887   882.356   -53.97   72.51
-122922.316   867.823   -50.72   71.69
-122635.766   853.156   -51.19   70.95
-122349.239   833.423   -68.88   66.25
-122062.735   809.534   -83.39   61.49
-121776.253   789.179   -71.06   58.53
-121489.793   768.879   -70.87   50.81
-121203.356   753.292   -54.42   45.49
-120916.940   739.040   -49.77   41.22
-120630.548   728.007   -38.53   37.18
-120344.177   716.391   -40.57   36.57
-120057.829   705.974   -36.38   36.21
-119771.503   695.351   -37.10   38.48
-119485.200   683.986   -39.70   39.65
-119198.919   669.776   -49.64   37.55
-118912.660   656.843   -45.18   34.61
-118626.423   645.376   -40.06   29.96
-118340.209   633.868   -40.21   25.43
-118054.017   624.134   -34.01   24.26
-117767.847   614.447   -33.85   25.65
-117481.700   604.907   -33.35   26.62
-117195.575   594.955   -34.78   25.98
-116909.472   583.903   -38.64   22.90
-116623.391   573.900   -34.97   17.85
-116337.333   566.666   -25.29   12.71
-116051.297   562.143   -15.81    9.13
-115765.283   559.726    -8.45    6.25
-115479.291   559.451    -0.96    4.88
-115193.322   561.300     6.47    7.91
-114907.375   564.893    12.57   12.32
-114621.450   569.413    15.81   15.67
-114335.547   574.820    18.91   18.36
-114049.667   579.652    16.91   20.12
-113763.808   583.755    14.35   21.50
-113477.972   586.762    10.52   22.73
-113192.158   590.911    14.51   26.44
-112906.367   593.405     8.73   30.80
-112620.597   596.012     9.12   34.42
-112334.850   601.262    18.37   38.29
-112049.125   607.849    23.05   44.26
-111763.422   613.818    20.90   49.67
-111477.741   616.868    10.67   49.61
-111192.082   618.123     4.40   47.59
-110906.445   620.804     9.39   45.44
-110620.831   626.776    20.91   46.78
-110335.239   632.579    20.32   50.06
-110049.669   641.930    32.75   55.96
-109764.121   648.168    21.85   56.52
-109478.595   657.017    31.00   59.75
-109193.091   655.312    -5.97   56.39
-108907.609   655.956     2.26   54.76
-108622.150   656.312     1.25   54.48
-108336.712   660.423    14.40   54.73
-108051.297   660.268    -0.55   51.63
-107765.904   657.668    -9.11   51.10
-107480.533   659.479     6.35   53.41
-107195.184   670.879    39.95   57.96
-106909.857   680.150    32.50   62.12
-106624.552   687.710    26.50   69.80
-106339.269   695.685    27.96   77.09
-106054.008   699.341    12.82   83.66
-105768.769   704.380    17.67   88.49
-105483.553   711.183    23.85   93.11
-105198.358   714.282    10.87   95.89
-104913.185   712.186    -7.35   90.65
-104628.035   708.721   -12.15   84.07
-104342.906   705.347   -11.83   77.53
-104057.800   702.018   -11.68   73.18
-103772.715   697.429   -16.10   64.35
-103487.653   698.292     3.03   57.65
-103202.612   701.857    12.51   54.65
-102917.594   708.523    23.39   52.01
-102632.597   724.654    56.60   57.85
-102347.623   745.932    74.67   59.78
-102062.670   772.303    92.55   60.07
-101777.740   804.776   113.98   67.83
-101492.831   830.436    90.07   71.41
-101207.944   843.932    47.38   74.65
-100919.766   840.835   -10.75   85.74
-100630.049   835.413   -18.72   98.67
-100340.356   828.598   -23.53  106.15
-100050.685   816.545   -41.61  103.20
 -99761.038   803.490   -45.07   89.31
 -99471.413   799.749   -12.92   75.65
 -99181.812   809.241    32.78   78.10
 -98892.234   833.677    84.39   88.06
 -98602.678   866.290   112.64   91.97
 -98313.146   893.619    94.40   92.00
 -98023.637   923.578   103.49   92.84
 -97734.151   951.578    96.73   99.20
 -97444.688   981.314   102.74  108.21
 -97155.248  1014.479   114.59  113.01
 -96865.831  1053.385   134.44  120.77
 -96576.437  1080.566    93.93  116.97
 -96287.066  1090.298    33.63  106.66
 -95997.717  1082.290   -27.68   98.38
 -95708.392  1069.491   -44.24  106.53
 -95419.090  1029.194  -139.30  121.00
 -95129.811   966.460  -216.88  129.02
 -94840.555   905.713  -210.03  121.61
 -94551.322   858.287  -163.99  114.49
 -94262.112   818.256  -138.42  115.09
 -93972.925   770.964  -163.55  116.74
 -93683.760   715.853  -190.60  119.22
 -93394.619   660.857  -190.22  137.92
 -93105.501   596.482  -222.68  151.58
 -92816.405   545.169  -177.51  135.39
 -92527.333   516.479   -99.26  108.63
 -92238.283   519.738    11.28  119.53
 -91949.256   565.183   157.24  171.55
 -91660.253   642.115   266.22  206.48
 -91371.272   713.029   245.41  185.57
 -91082.314   747.212   118.31  145.60
 -90793.379   748.168     3.31  138.44
 -90504.467   719.222  -100.19  160.77
 -90215.577   651.956  -232.86  179.18
 -89926.711   558.911  -322.13  163.81
 -89637.868   481.396  -268.38  128.98
 -89349.047   443.652  -130.69   94.42
 -89060.249   438.156   -19.03   85.08
 -88771.474   449.362    38.81   97.89
 -88482.722   471.168    75.52  115.12
 -88193.993   496.925    89.22  113.00
 -87905.286   511.311    49.83   97.61
 -87616.603   513.947     9.13   87.25
 -87327.942   506.941   -24.27   88.90
 -87039.304   499.814   -24.69   84.66
 -86750.689   502.470     9.20   92.85
 -86462.097   521.523    66.03  118.47
 -86173.527   541.749    70.10  125.60
 -85884.981   559.126    60.22  115.05
 -85596.457   567.281    28.27  101.51
 -85307.956   551.158   -55.89  107.02
 -85019.477   519.900  -108.36  115.95
 -84731.022   481.051  -134.69  108.88
 -84442.589   450.273  -106.71   90.89
 -84154.179   419.317  -107.34   78.41
 -83865.792   389.360  -103.88   75.42
 -83577.427   380.437   -30.95   77.06
 -83289.085   379.911    -1.83   77.30
 -83000.766   381.150     4.30   75.12
 -82712.470   382.853     5.91   72.90
 -82424.197   389.223    22.10   73.48
 -82135.946   401.523    42.67   71.88
 -81847.718   411.798    35.65   69.86
 -81559.512   395.273   -57.34   67.38
 -81271.330   374.893   -70.73   60.50
 -80983.170   357.349   -60.89   56.86
 -80695.032   343.290   -48.80   48.52
 -80406.918   332.306   -38.13   40.73
 -80118.826   321.001   -39.24   37.65
 -79830.757   306.139   -51.60   36.32
 -79542.710   291.216   -51.81   36.33
 -79254.686   281.186   -34.82   35.46
 -78966.685   277.074   -14.28   32.11
 -78678.706   266.860   -35.47   26.63
 -78390.751   258.148   -30.26   26.41
 -78102.817   253.234   -17.07   27.85
 -77814.907   249.279   -13.74   28.57
 -77527.019   245.534   -13.01   30.21
 -77239.153   238.134   -25.71   29.54
 -76951.311   227.701   -36.25   29.60
 -76663.491   216.705   -38.21   32.60
 -76375.693   207.168   -33.14   35.22
 -76087.918   197.368   -34.06   36.63
 -75800.166   183.412   -48.50   32.59
 -75512.436   170.051   -46.44   26.16
 -75224.729   160.179   -34.32   22.80
 -74937.045   151.838   -29.00   19.67
 -74649.383   145.062   -23.55   16.45
 -74361.743   139.101   -20.73   13.96
 -74074.126   134.345   -16.54   12.17
 -73786.532   130.220   -14.35   10.71
 -73498.961   126.669   -12.35   10.45
 -73211.411   122.793   -13.48   10.42
 -72923.885   118.972   -13.29   10.91
 -72636.381   114.793   -14.54   10.99
 -72348.899   109.979   -16.75   11.17
 -72061.440   105.568   -15.35   11.35
 -71774.004   100.354   -18.14   11.05
 -71486.590    95.040   -18.49   10.61
 -71199.199    89.779   -18.31   10.10
 -70911.830    84.545   -18.21    9.65
 -70624.483    79.659   -17.01    8.91
 -70337.159    75.201   -15.52    8.05
 -70049.858    71.501   -12.88    6.85
 -69762.579    68.212   -11.45    5.90
 -69475.323    65.879    -8.12    5.49
 -69188.089    64.268    -5.61    6.15
 -68900.877    63.512    -2.63    7.00
 -68613.688    63.366    -0.51    8.18
 -68326.521    63.860     1.72    9.40
 -68039.377    64.220     1.25   10.53
 -67752.256    64.912     2.41   11.87
 -67465.156    66.556     5.73   13.25
 -67178.079    67.175     2.15   13.80
 -66891.025    68.934     6.13   14.89
 -66603.993    70.723     6.23   15.22
 -66316.984    71.341     2.15   14.88
 -66029.996    69.068    -7.92   14.26
 -65743.032    67.990    -3.76   13.94
 -65456.089    66.261    -6.02   12.59
 -65169.169    65.779    -1.68   12.32
 -64882.272    65.745    -0.12   12.22
 -64595.397    65.208    -1.87   11.65
 -64308.544    64.523    -2.39   10.59
 -64021.713    63.298    -4.27   10.28
 -63734.905    60.787    -8.76    9.62
 -63448.120    57.601   -11.11    7.90
 -63161.356    54.697   -10.13    6.71
 -62874.615    52.067    -9.17    5.60
 -62587.897    49.634    -8.48    4.95
 -62301.201    47.121    -8.77    4.80
 -62014.527    44.732    -8.33    4.49
 -61727.875    42.424    -8.05    3.91
 -61441.246    40.380    -7.13    3.80
 -61154.639    38.373    -7.00    3.67
 -60868.054    36.679    -5.91    3.30
 -60581.492    35.212    -5.12    2.81
 -60294.952    34.082    -3.94    2.42
 -60008.434    33.093    -3.45    1.89
 -59721.939    32.665    -1.50    1.67
 -59435.465    32.963     1.04    2.31
 -59149.014    34.090     3.93    3.77
 -58862.586    36.034     6.79    5.43
 -58576.180    39.002    10.36    7.25
 -58289.795    42.218    11.23    7.60
 -58003.434    44.843     9.16    7.25
 -57717.094    46.002     4.05    6.65
 -57430.777    45.445    -1.94    6.64
 -57144.482    43.161    -7.98    7.61
 -56858.209    40.104   -10.68    7.94
 -56571.958    36.683   -11.95    6.95
 -56285.730    33.768   -10.18    4.73
 -55999.524    32.470    -4.54    3.01
 -55713.340    32.501     0.11    3.07
 -55427.178    33.793     4.51    4.45
 -55141.038    36.154     8.25    5.69
 -54854.921    39.428    11.44    7.22
 -54568.826    42.703    11.45    8.09
 -54282.753    45.566    10.01    8.44
 -53996.702    47.154     5.55    8.71
 -53710.674    47.150    -0.01    9.48
 -53424.667    44.679    -8.64   11.77
 -53138.683    40.067   -16.13   14.52
 -52852.721    34.126   -20.78   16.61
 -52566.781    26.098   -28.08   18.05
 -52280.863    18.839   -25.39   17.58
 -51994.968    12.156   -23.37   15.50
 -51709.094     6.287   -20.53   11.31
 -51423.243     2.373   -13.69    7.49
 -51137.413    -0.466    -9.93    3.49
 -50851.606    -1.455    -3.46    0.11
 -50565.821    -1.466    -0.04    0.00
 -50280.058    -1.466     0.00    0.00
 -49994.318    -1.466     0.00    0.00
 -49708.599    -1.466     0.00    0.00
 -49422.902    -1.466     0.00    0.00
 -49137.228    -1.466     0.00    0.00
 -48851.576    -1.466     0.00    0.00
 -48565.945    -1.466     0.00    0.00
 -48280.337    -1.466     0.00    0.00
 -47994.751    -1.466     0.00    0.00
 -47709.187    -1.466     0.00    0.00
 -47423.645    -1.466     0.00    0.00
 -47138.125    -1.466     0.00    0.00
 -46852.627    -1.466     0.00    0.00
 -46567.151    -1.466     0.00    0.00
 -46281.697    -1.466     0.00    0.00
 -45996.265    -1.466     0.00    0.00
 -45710.855    -1.466     0.00    0.00
 -45425.467    -1.466     0.00    0.00
 -45140.102    -1.466     0.00    0.00
 -44854.758    -1.466     0.00    0.00
 -44569.436    -1.466     0.00    0.00
 -44284.136    -1.466     0.00    0.00
 -43998.858    -1.466     0.00    0.00
 -43713.603    -1.466     0.00    0.00
 -43428.369    -1.466     0.00    0.00
 -43143.157    -1.466     0.00    0.00
 -42857.967    -1.466     0.00    0.00
 -42572.799    -1.466     0.00    0.00
 -42287.653    -1.466     0.00    0.00
 -42002.529    -1.466     0.00    0.00
 -41717.427    -1.466     0.00    0.00
 -41432.347    -1.466     0.00    0.00
 -41147.289    -1.466     0.00    0.00
 -40862.253    -1.466     0.00    0.00
 -40577.239    -1.466     0.00    0.00
 -40292.246    -1.466     0.00    0.00
 -40007.276    -1.466     0.00    0.00
 -39722.327    -1.466     0.00    0.00
 -39437.401    -1.422     0.15    0.39
 -39152.496    -0.317     3.88    3.65
 -38863.022     1.492     6.25    5.49
 -38573.319     3.321     6.32    6.17
 -38283.638     5.502     7.53    6.30
 -37993.980     7.279     6.14    5.59
 -37704.346     8.790     5.22    4.23
 -37414.734     9.665     3.02    2.13
 -37125.145     9.373    -1.01    1.69
 -36835.580     9.524     0.52    1.94
 -36546.037     9.900     1.30    2.09
 -36256.517    10.023     0.43    2.08
 -35967.020    10.312     1.00    1.94
 -35677.546    10.579     0.92    1.87
 -35388.095    10.612     0.12    1.76
 -35098.667    11.165     1.91    2.29
 -34809.262    11.631     1.61    2.59
 -34519.880    12.034     1.39    2.70
 -34230.521    12.690     2.27    2.68
 -33941.184    13.479     2.73    2.96
 -33651.871    13.566     0.30    2.62
 -33362.581    13.358    -0.72    2.64
 -33073.313    12.458    -3.11    2.94
 -32784.068    11.234    -4.23    3.84
 -32494.846     9.754    -5.12    4.49
 -32205.647     8.312    -4.99    4.16
 -31916.471     7.349    -3.33    3.73
 -31627.318     6.717    -2.19    3.05
 -31338.188     6.368    -1.21    2.81
 -31049.080     6.134    -0.81    2.81
 -30759.995     6.001    -0.46    2.50
 -30470.933     5.838    -0.56    1.98
 -30181.894     5.512    -1.13    1.16
 -29892.878     5.434    -0.27    1.19
 -29603.885     5.380    -0.19    1.21
 -29314.914     5.234    -0.51    1.18
 -29025.967     5.152    -0.28    1.06
 -28737.042     5.148    -0.02    1.10
 -28448.140     5.006    -0.49    1.07
 -28159.260     5.155     0.52    1.19
 -27870.404     5.411     0.89    1.66
 -27581.570     5.656     0.85    1.80
 -27292.759     6.190     1.85    2.82
 -27003.971     6.523     1.15    3.14
 -26715.206     7.216     2.40    3.31
 -26426.463     7.557     1.18    3.69
 -26137.743     7.293    -0.91    4.06
 -25849.046     6.602    -2.39    3.70
 -25560.372     5.945    -2.27    2.69
 -25271.720     5.401    -1.89    1.48
 -24983.091     5.318    -0.29    1.15
 -24694.485     5.741     1.47    2.24
 -24405.902     6.112     1.29    2.42
 -24117.341     6.604     1.71    2.69
 -23828.803     6.943     1.18    2.84
 -23540.288     7.101     0.55    2.82
 -23251.795     7.168     0.23    2.51
 -22963.325     6.852    -1.09    1.54
 -22674.878     6.883     0.11    1.55
 -22386.454     6.656    -0.79    1.82
 -22098.052     6.364    -1.01    2.29
 -21809.673     5.727    -2.21    2.67
 -21521.316     5.601    -0.44    2.86
 -21232.982     5.612     0.04    2.97
 -20944.671     5.298    -1.09    2.85
 -20656.383     5.557     0.90    2.91
 -20368.117     6.040     1.68    3.21
 -20079.874     5.714    -1.13    3.37
 -19791.653     5.591    -0.43    3.50
 -19503.455     5.096    -1.72    3.67
 -19215.280     4.556    -1.87    3.47
 -18927.127     4.444    -0.39    3.50
 -18638.997     4.250    -0.67    3.28
 -18350.889     4.193    -0.20    3.44
 -18062.805     4.312     0.41    3.64
 -17774.742     4.500     0.65    4.02
 -17486.703     4.625     0.44    4.02
 -17198.685     4.377    -0.86    3.81
 -16910.691     4.156    -0.77    3.63
 -16622.719     3.838    -1.11    3.46
 -16334.770     3.386    -1.57    2.78
 -16046.843     2.927    -1.59    1.83
 -15758.938     2.602    -1.13    1.52
 -15471.057     2.364    -0.83    1.41
 -15183.198     2.208    -0.54    1.06
 -14895.361     2.123    -0.30    0.99
 -14607.547     2.017    -0.37    1.21
 -14319.755     1.739    -0.97    1.37
 -14031.986     1.669    -0.24    1.52
 -13744.240     1.590    -0.27    1.53
 -13456.516     1.603     0.04    1.56
 -13168.814     1.580    -0.08    1.60
 -12881.135     1.545    -0.12    1.55
 -12593.479     1.500    -0.16    1.50
 -12305.845     1.671     0.59    1.51
 -12018.233     2.040     1.28    1.43
 -11730.644     2.332     1.02    1.35
 -11443.077     2.477     0.51    1.22
 -11155.533     2.489     0.04    1.16
 -10868.012     2.568     0.28    1.08
 -10580.512     2.679     0.39    1.09
 -10293.036     2.815     0.47    1.08
 -10005.581     2.818     0.01    1.05
  -9718.149     2.943     0.43    1.06
  -9430.740     3.040     0.34    0.98
  -9143.353     3.127     0.30    1.02
  -8855.988     3.091    -0.13    1.05
  -8568.646     3.112     0.07    1.07
  -8281.327     3.212     0.35    1.09
  -7994.029     3.284     0.25    1.12
  -7706.754     3.325     0.14    1.05
  -7419.502     3.309    -0.05    1.06
  -7132.272     3.284    -0.09    1.12
  -6845.064     3.261    -0.08    1.16
  -6557.879     3.175    -0.30    1.21
  -6270.716     3.101    -0.26    1.27
  -5983.575     3.190     0.31    1.26
  -5696.457     3.421     0.80    1.29
  -5409.361     3.523     0.36    1.27
  -5122.287     3.568     0.16    1.18
  -4835.236     3.523    -0.16    1.23
  -4548.207     3.614     0.32    1.20
  -4261.201     3.590    -0.08    1.24
  -3974.216     3.390    -0.70    1.55
  -3687.254     3.242    -0.51    1.85
  -3400.315     3.224    -0.06    2.02
  -3113.398     3.178    -0.16    2.15
  -2826.503     3.006    -0.60    2.35
  -2539.630     2.902    -0.36    2.45
  -2252.780     2.647    -0.89    2.60
  -1965.952     2.290    -1.24    2.76
  -1679.146     1.679    -2.13    2.66
  -1392.363     1.411    -0.93    2.54
  -1105.601     1.385    -0.09    2.56
   -818.862     1.216    -0.59    2.36
   -532.146     1.318     0.36    2.37
   -245.451     1.409     0.32    2.42
     41.221     1.356    -0.18    2.42
    327.871     1.150    -0.72    2.28
    614.498     0.644    -1.76    2.07
    901.104     0.208    -1.52    1.66
   1187.687     0.316     0.37    1.75
   1474.248     0.801     1.69    2.07
   1760.787     1.343     1.89    2.28
   2047.303     1.879     1.87    2.36
   2333.797     2.112     0.81    2.29
   2620.270     2.620     1.77    2.11
   2906.719     2.963     1.20    1.81
   3193.147     3.074     0.39    1.71
   3479.553     3.056    -0.06    1.60
   3765.936     3.112     0.19    1.84
   4052.297     3.051    -0.21    1.80
   4338.636     3.090     0.14    1.72
   4624.953     3.172     0.29    1.79
   4911.248     3.341     0.59    1.57
   5197.520     3.479     0.48    1.46
   5483.770     3.512     0.12    1.36
   5769.999     3.501    -0.04    1.28
   6056.205     3.502     0.00    1.29
   6342.389     3.349    -0.53    1.19
   6628.550     3.201    -0.52    1.19
   6914.690     3.145    -0.19    1.46
   7200.808     3.179     0.12    1.60
   7486.903     3.212     0.12    1.61
   7772.976     3.132    -0.28    1.85
   8059.028     2.969    -0.57    1.96
   8345.057     2.846    -0.43    2.04
   8631.064     2.958     0.39    2.01
   8917.049     3.425     1.63    2.74
   9203.012     4.690     4.42    4.47
   9488.952     7.085     8.38    6.71
   9774.871     9.612     8.84    7.74
  10060.768    13.154    12.39    8.91
  10346.642    16.821    12.83    8.70
  10632.495    20.265    12.05    7.89
  10918.326    23.599    11.66    6.66
  11204.134    26.599    10.50    5.75
  11489.920    29.422     9.88    6.59
  11775.685    31.995     9.00    7.75
  12061.427    34.435     8.54    9.83
  12347.147    37.631    11.18   12.58
  12632.846    41.364    13.07   15.30
  12918.522    44.358    10.48   17.17
  13204.176    46.792     8.52   19.12
  13489.809    49.034     7.85   18.69
  13775.419    52.062    10.60   19.44
  14061.007    56.972    17.19   21.87
  14346.574    62.768    20.29   24.17
  14632.118    69.974    25.24   26.53
  14917.640    78.917    31.32   29.85
  15203.141    89.620    37.49   31.20
  15488.619   101.034    39.98   28.53
  15774.076   110.545    33.32   23.56
  16059.510   116.101    19.46   18.78
  16344.923   118.040     6.79   16.03
  16630.313   114.820   -11.28   16.87
  16915.682   107.817   -24.54   15.68
  17201.029   102.007   -20.36   14.24
  17486.354    97.997   -14.06   12.99
  17771.657    94.360   -12.75   10.02
  18056.938    91.590    -9.71    7.94
  18342.197    89.268    -8.14    7.62
  18627.434    87.577    -5.93    7.90
  18912.649    85.985    -5.58    7.93
  19197.843    84.579    -4.93    7.67
  19483.014    83.287    -4.53    7.29
  19768.164    81.768    -5.33    6.68
  20053.292    80.838    -3.26    6.42
  20338.398    80.356    -1.69    6.35
  20623.482    79.388    -3.40    5.80
  20908.544    78.095    -4.54    5.35
  21193.584    77.245    -2.98    5.57
  21478.603    76.716    -1.86    5.88
  21763.599    76.302    -1.45    5.43
  22048.574    75.107    -4.19    4.89
  22333.527    74.017    -3.83    4.30
  22618.458    73.255    -2.67    4.22
  22904.392    72.580    -2.36    4.36
  23194.119    71.845    -2.53    4.60
  23483.822    71.079    -2.65    4.69
  23773.503    70.298    -2.69    4.60
  24063.161    69.822    -1.65    4.52
  24352.796    69.432    -1.35    4.27
  24642.408    69.242    -0.66    4.15
  24931.997    68.891    -1.21    4.37
  25221.564    68.912     0.07    4.73
  25511.107    69.270     1.24    5.23
  25800.628    69.609     1.17    5.88
  26090.126    69.633     0.08    6.23
  26379.601    69.612    -0.07    6.55
  26669.053    69.368    -0.84    6.36
  26958.482    69.007    -1.25    6.06
  27247.888    67.686    -4.56    5.46
  27537.272    66.371    -4.54    4.68
  27826.633    65.823    -1.89    4.10
  28115.971    65.891     0.23    4.40
  28405.286    67.312     4.91    6.04
  28694.578    69.248     6.69    7.53
  28983.848    70.512     4.37    7.72
  29273.094    71.029     1.79    7.33
  29562.318    70.781    -0.86    6.79
  29851.519    69.919    -2.98    6.15
  30140.698    68.458    -5.05    5.01
  30429.853    66.736    -5.95    3.40
  30718.986    65.647    -3.77    1.16
  31008.096    65.930     0.98    1.53
  31297.183    66.954     3.54    3.06
  31586.248    68.832     6.50    4.96
  31875.290    71.925    10.70    7.13
  32164.309    74.795     9.93    7.74
  32453.305    76.675     6.51    7.36
  32742.279    77.890     4.20    6.55
  33031.230    78.321     1.49    6.10
  33320.158    78.090    -0.80    6.09
  33609.063    77.245    -2.92    5.85
  33897.946    76.382    -2.99    5.30
  34186.806    75.534    -2.93    4.07
  34475.643    74.857    -2.35    2.43
  34764.458    74.621    -0.82    1.22
  35053.250    75.073     1.56    1.87
  35342.019    75.823     2.60    2.64
  35630.766    76.950     3.90    3.70
  35919.490    78.190     4.29    4.36
  36208.191    78.923     2.54    4.25
  36496.870    79.479     1.92    3.62
  36785.526    80.073     2.06    3.47
  37074.159    80.358     0.99    3.33
  37362.770    80.156    -0.70    2.77
  37651.358    80.205     0.17    2.76
  37939.923    80.621     1.44    3.56
  38228.466    83.632    10.43    7.88
  38516.986    88.445    16.68   12.00
  38805.484    93.489    17.48   13.99
  39093.959    99.388    20.45   13.99
  39382.411   104.029    16.09   12.51
  39670.841   108.040    13.91    9.30
  39959.248   111.433    11.76    6.34
  40247.632   113.901     8.56    6.16
  40535.994   115.018     3.87    6.08
  40824.334   115.029     0.04    6.61
  41112.651   114.615    -1.44    8.06
  41400.945   113.023    -5.52    9.80
  41689.217   110.948    -7.20   10.46
  41977.466   108.707    -7.78    9.83
  42265.693   108.209    -1.73    9.80
  42553.897   110.852     9.17   12.10
  42842.078   115.123    14.82   13.73
  43130.238   119.534    15.31   13.53
  43418.374   121.759     7.72   12.99
  43706.488   122.091     1.15   14.08
  43994.580   120.278    -6.29   15.89
  44282.649   115.691   -15.92   16.84
  44570.695   110.489   -18.06   14.73
  44858.719   106.395   -14.21   11.71
  45146.721   103.386   -10.44    6.75
  45434.700   102.523    -3.00    2.21
  45722.656   103.273     2.60    2.33
  46010.590   103.984     2.47    2.48
  46298.502   104.833     2.95    2.40
  46586.391   105.385     1.92    2.26
  46874.258   105.261    -0.43    2.78
  47162.102   104.069    -4.14    4.07
  47449.924   103.216    -2.96    4.10
  47737.723   102.590    -2.17    4.30
  48025.500   102.557    -0.12    4.69
  48313.255   103.614     3.67    6.13
  48600.987   107.068    12.01   10.58
  48888.696   113.477    22.28   16.61
  49176.384   122.856    32.60   22.24
  49464.049   135.761    44.86   29.26
  49751.691   149.918    49.21   33.04
  50039.311   163.136    45.96   32.45
  50326.909   174.716    40.26   30.54
  50614.484   181.557    23.79   32.79
  50902.037   186.727    17.98   35.10
  51189.567   190.557    13.32   38.92
  51477.076   196.270    19.87   43.03
  51764.561   202.120    20.35   47.87
  52052.025   209.727    26.46   53.75
  52339.466   215.097    18.68   53.94
  52626.885   217.799     9.40   52.97
  52914.281   221.625    13.31   50.93
  53201.655   224.568    10.24   46.45
  53489.007   232.557    27.80   44.95
  53776.336   244.354    41.06   43.57
  54063.643   259.879    54.03   42.29
  54350.928   272.209    42.92   38.30
  54638.191   276.818    16.05   35.17
  54925.431   280.982    14.50   33.91
  55212.649   282.034     3.66   34.10
  55499.844   279.989    -7.12   33.44
  55787.017   280.074     0.30   31.23
  56074.168   285.179    17.78   31.31
  56361.297   296.500    39.43   36.18
  56648.404   310.693    49.43   40.02
  56935.488   325.337    51.00   47.07
  57222.550   345.898    71.62   59.63
  57509.589   371.193    88.12   73.25
  57796.607   399.674    99.22   84.94
  58083.602   437.212   130.79  102.18
  58370.575   475.932   134.92  112.11
  58657.526   510.590   120.77  109.82
  58944.454   537.301    93.09  100.80
  59231.361   560.523    80.94   87.04
  59518.245   575.743    53.05   72.57
  59805.106   577.267     5.31   67.90
  60091.946   566.011   -39.24   65.37
  60378.764   558.639   -25.70   58.92
  60665.559   553.174   -19.05   53.35
  60952.332   552.534    -2.23   47.24
  61239.083   554.912     8.29   42.51
  61525.811   563.079    28.48   41.07
  61812.518   575.984    45.01   43.77
  62099.202   589.232    46.21   49.74
  62385.865   606.662    60.80   57.71
  62672.505   633.799    94.67   65.67
  62959.122   659.592    89.99   66.19
  63245.718   677.685    63.13   59.20
  63532.292   685.097    25.86   58.27
  63818.843   682.478    -9.14   63.40
  64105.373   670.412   -42.11   73.07
  64391.880   649.725   -72.20   77.57
  64678.365   622.810   -93.94   74.44
  64964.828   597.755   -87.46   68.25
  65251.269   573.813   -83.58   64.85
  65537.688   541.383  -113.22   66.26
  65824.084   517.116   -84.73   68.02
  66110.459   501.028   -56.17   73.37
  66396.811   490.512   -36.72   82.82
  66683.142   482.201   -29.02   85.83
  66969.450   463.934   -63.80   84.11
  67255.736   446.579   -60.62   80.10
  67542.001   425.034   -75.26   68.62
  67828.243   406.430   -64.99   54.09
  68114.463   389.879   -57.82   45.37
  68400.661   373.976   -55.56   36.96
  68686.837   361.639   -43.11   28.97
  68972.991   351.626   -34.99   26.77
  69259.123   341.804   -34.33   26.67
  69545.233   330.645   -39.00   25.62
  69831.321   321.422   -32.24   24.52
  70117.387   315.592   -20.38   23.47
  70403.430   312.023   -12.48   21.99
  70689.452   309.767    -7.89   20.00
  70975.452   306.959    -9.82   15.25
  71261.430   306.767    -0.67   14.04
  71547.386   310.348    12.52   22.57
  71833.320   318.830    29.66   37.96
  72119.232   326.090    25.39   47.83
  72405.122   332.834    23.59   50.81
  72690.989   338.830    20.97   52.35
  72976.835   343.895    17.72   50.86
  73262.660   352.139    28.84   49.65
  73548.462   367.362    53.26   55.88
  73834.242   396.406   101.63   66.63
  74120.000   427.197   107.74   78.65
  74405.736   464.057   128.99   90.67
  74691.451   491.057    94.49   87.28
  74977.143   512.334    74.47   77.93
  75262.813   526.312    48.93   71.95
  75548.462   530.046    13.07   67.19
  75834.089   527.464    -9.04   64.30
  76119.693   519.546   -27.72   64.62
  76405.276   511.845   -26.97   62.43
  76690.837   509.764    -7.29   59.74
  76976.376   492.406   -60.79   69.79
  77261.893   458.971  -117.10   74.60
  77547.389   427.500  -110.23   72.64
  77832.862   406.759   -72.65   64.42
  78118.314   398.995   -27.20   57.50
  78403.743   397.693    -4.56   53.55
  78689.151   408.046    36.27   57.90
  78974.537   425.166    59.99   65.34
  79259.901   447.936    79.79   67.65
  79545.244   467.856    69.80   65.31
  79830.564   483.408    54.50   62.64
  80115.863   488.500    17.85   61.62
  80401.140   495.478    24.46   61.72
  80686.395   504.375    31.19   66.39
  80971.628   522.197    62.48   75.02
  81256.839   547.373    88.27   84.33
  81542.029   582.261   122.32   83.96
  81827.197   615.662   117.12   69.38
  82112.343   635.614    69.97   53.42
  82397.467   646.139    36.91   45.66
  82682.569   641.080   -17.74   49.71
  82967.650   636.955   -14.47   53.93
  83252.709   624.875   -42.37   57.68
  83537.746   608.909   -56.01   61.58
  83822.761   603.364   -19.46   62.04
  84107.755   609.730    22.34   64.88
  84392.726   635.159    89.23   66.99
  84677.676   658.023    80.23   68.16
  84964.946   672.546    50.55   69.58
  85254.669   691.650    65.94   67.19
  85544.369   716.925    87.24   56.55
  85834.045   727.971    38.13   49.17
  86123.700   734.523    22.62   49.28
  86413.331   735.927     4.85   54.51
  86702.939   740.141    14.55   56.38
  86992.525   746.182    20.86   63.84
  87282.088   757.569    39.32   72.68
  87571.628   779.092    74.33   77.89
  87861.146   813.488   118.79   90.23
  88150.641   862.664   169.86  111.88
  88440.113   901.337   133.59  118.36
  88729.562   932.545   107.81  113.56
  89018.988   964.590   110.71  113.29
  89308.392   986.040    74.11  109.26
  89597.773   989.589    12.26  116.38
  89887.131   965.468   -83.36  123.39
  90176.467   943.645   -75.42  114.22
  90465.780   942.457    -4.11  105.75
  90755.070   928.897   -46.87   95.48
  91044.337   893.732  -121.56   90.20
  91333.582   862.655  -107.43  103.81
  91622.804   843.328   -66.82  112.21
  91912.004   823.545   -68.40  113.30
  92201.180   796.972   -91.88   95.38
  92490.334   792.961   -13.87   88.74
  92779.466   813.051    69.48  107.70
  93068.575   846.190   114.61  118.87
  93357.661   893.099   162.26  120.18
  93646.724   942.601   171.23  126.10
  93935.765  1000.480   200.23  134.97
  94224.783  1060.820   208.76  145.06
  94513.778  1116.969   194.27  143.12
  94802.751  1154.934   131.37  126.29
  95091.702  1179.287    84.27  106.22
  95380.629  1185.373    21.06  100.08
  95669.534  1171.649   -47.50  109.53
  95958.417  1139.190  -112.35  116.84
  96247.277  1099.290  -138.12  112.13
  96536.114  1062.085  -128.80   96.73
  96824.928  1045.602   -57.07   85.47
  97113.720  1039.284   -21.87   83.55
  97402.490  1035.557   -12.91   80.55
  97691.237  1033.784    -6.14   78.38
  97979.961  1028.956   -16.72   76.37
  98268.663  1034.309    18.54   71.62
  98557.342  1036.325     6.98   71.40
  98845.999  1035.534    -2.74   74.40
  99134.633  1035.017    -1.79   83.86
  99423.245  1026.720   -28.74   94.21
  99711.834  1018.848   -27.28  104.52
 100000.400  1007.337   -39.89  108.20
 100288.944   995.615   -40.62  113.21
 100577.466   982.999   -43.72  104.03
 100865.965   957.185   -89.47   93.38
 101154.441   934.080   -80.09   79.60
 101442.895   920.332   -47.66   73.80
 101731.327   903.250   -59.22   68.45
 102019.736   884.680   -64.38   66.82
 102308.122   869.994   -50.92   63.87
 102596.486   859.773   -35.44   59.77
 102884.828   855.023   -16.47   57.75
 103173.147   855.069     0.16   63.42
 103461.444   861.430    22.06   72.42
 103749.718   868.350    24.01   80.02
 104037.969   879.891    40.03   80.97
 104326.199   895.727    54.94   74.88
 104614.406   912.287    57.45   75.52
 104902.590   935.736    81.36   86.84
 105190.752   958.091    77.57   97.15
 105478.892   986.546    98.74  100.32
 105767.009  1012.685    90.72   92.33
 106055.104  1034.627    76.16   93.63
 106343.176  1046.581    41.49   97.77
 106631.226  1042.617   -13.76   98.16
 106919.253  1027.081   -53.93  100.19
 107207.258  1005.648   -74.41  111.54
 107495.241   974.714  -107.41  133.51
 107783.202   940.012  -120.50  139.00
 108071.140   902.963  -128.66  116.10
 108359.055   880.622   -77.59   83.92
 108646.949   886.068    18.91   83.77
 108934.819   907.388    74.06   93.82
 109222.668   942.040   120.37  102.09
 109510.494   993.250   177.90  100.55
 109798.298  1049.725   196.21  113.35
 110086.080  1101.433   179.66  123.08
 110373.839  1142.145   141.47  121.47
 110661.576  1173.390   108.58  114.81
 110949.290  1199.189    89.66  100.28
 111236.983  1207.063    27.37   88.24
 111524.653  1198.377   -30.19   91.43
 111812.300  1176.908   -74.63  101.99
 112099.926  1134.447  -147.61  117.52
 112387.529  1085.368  -170.63  123.01
 112675.110  1032.643  -183.32  109.20
 112962.668   986.391  -160.83   94.36
 113250.204   942.168  -153.79   80.80
 113537.718   901.839  -140.25   78.08
 113825.210   860.006  -145.49   82.82
 114112.679   833.298   -92.90   80.57
 114400.127   818.399   -51.83   69.78
 114687.551   815.736    -9.26   69.27
 114974.954   827.602    41.28   80.23
 115262.335   843.897    56.70   83.29
 115549.693   861.556    61.45   71.92
 115837.029   866.402    16.86   62.19
 116124.343   854.161   -42.60   71.62
 116411.634   826.996   -94.55   80.22
 116698.903   788.446  -134.18   74.44
 116986.151   750.130  -133.38   67.91
 117273.376   725.068   -87.24   59.29
 117560.578   711.017   -48.92   49.41
 117847.759   703.000   -27.91   44.01
 118134.917   707.534    15.79   51.98
 118422.053   722.710    52.85   61.74
 118709.167   747.369    85.88   71.30
 118996.259   778.623   108.85   78.52
 119283.329   801.012    77.98   77.28
 119570.377   815.134    49.19   78.44
 119857.402   826.868    40.87   77.40
 120144.405   834.134    25.32   77.15
 120431.386   838.979    16.88   77.77
 120718.345   841.478     8.71   77.87
 121005.282   839.691    -6.23   73.35
 121292.197   846.412    23.42   72.65
 121579.089   862.456    55.92   76.40
 121865.960   888.534    90.89   83.13
 122152.808   924.293   124.65   81.71
 122439.635   949.822    88.99   72.59
 122726.439   964.477    51.09   65.98
 123013.221   971.661    25.05   66.16
 123299.981   972.730     3.73   68.97
 123586.719   964.401   -29.04   73.53
 123873.435   946.079   -63.90   73.94
 124160.128   922.768   -81.30   68.95
 124446.800   912.079   -37.28   67.08
 124733.450   905.276   -23.73   71.38
 125020.077   899.886   -18.80   75.75
 125306.683   887.511   -43.17   78.05
 125593.266   871.805   -54.80   79.35
 125879.828   849.998   -76.09   74.26
 126166.367   829.299   -72.23   59.73
 126452.885   814.767   -50.71   52.81
 126739.380   801.685   -45.66   52.61
 127025.853   797.776   -13.65   52.53
 127312.305   793.118   -16.26   53.45
 127598.734   795.312     7.66   57.14
 127885.141   792.793    -8.80   60.42
 128171.527   791.682    -3.88   61.30
 128457.890   785.999   -19.84   60.92
 128744.232   781.871   -14.41   59.57
 129030.551   776.743   -17.91   57.66
 129316.848   770.805   -20.74   57.40
 129603.124   769.081    -6.02   61.67
 129889.377   769.837     2.64   64.01
 130175.609   769.395    -1.54   66.24
 130461.818   766.856    -8.87   68.34
 130748.006   771.227    15.27   70.57
 131034.172   775.770    15.87   72.23
 131320.315   785.680    34.63   74.40
 131606.437   799.500    48.30   68.61
 131892.537   801.592     7.31   63.03
 132178.615   798.534   -10.69   62.92
 132464.671   789.941   -30.04   66.66
 132750.705   774.369   -54.43   66.38
 133036.718   751.860   -78.69   66.29
 133322.708   728.930   -80.17   69.95
 133608.676   706.069   -79.93   62.83
 133894.623   685.799   -70.88   58.02
 134180.548   669.830   -55.84   51.75
 134466.450   662.057   -27.18   47.72
 134752.331   660.830    -4.29   45.78
 135038.190   658.799    -7.10   46.56
 135324.027   656.408    -8.36   43.09
 135609.843   656.705     1.04   41.59
 135895.636   654.616    -7.31   36.54
 136181.408   655.627     3.54   33.62
 136467.158   664.722    31.83   36.69
 136752.886   679.127    50.41   38.96
 137038.592   695.235    56.37   39.26
 137324.276   706.932    40.94   38.48
 137609.938   718.743    41.34   34.63
 137895.579   730.546    41.31   28.62
 138181.198   742.000    40.10   29.19
 138466.795   752.739    37.60   35.21
 138752.370   763.999    39.43   42.12
 139037.924   779.716    55.03   50.36
 139323.455   801.441    76.08   58.91
 139608.965   825.988    85.96   64.78
 139894.453   847.475    75.26   60.57
 140179.920   857.825    36.25   61.46
 140465.364   862.813    17.47   60.60
 140750.787   856.830   -20.96   67.38
 141036.188   832.431   -85.48   79.03
 141321.567   797.235  -123.31   73.49
 141606.925   765.330  -111.80   62.86
 141892.261   743.818   -75.38   62.97
 142177.575   728.755   -52.79   66.55
 142462.867   721.465   -25.55   66.92
 142748.137   723.753     8.02   71.19
 143033.386   732.895    32.05   74.16
 143318.613   739.069    21.64   70.14
 143603.819   753.072    49.09   70.93
 143889.003   767.426    50.33   70.96
 144174.165   781.413    49.04   66.41
 144459.305   794.113    44.53   53.58
 144744.424   808.228    49.50   34.97
