#   89.000  -6.607  15.382 ;Mean Elev.(m), Avg Gradient(m/km), RMS Gradient(m/km) - SRTM1     
#   89.479  -6.251  16.130 ;Mean Elev.(m), Avg Gradient(m/km), RMS Gradient(m/km) - ASTER GDEM
#   89.385  -6.434  15.082 ;Mean Elev.(m), Avg Gradient(m/km), RMS Gradient(m/km) - GMTED2010 
   2    94.448 54671.96981906 36.13 129.443813  49.433988   -100 -100.00 -100.00 -100.00
   2    94.694 54671.96981965 39.00 129.446197  49.436116   -100 -100.00 -100.00 -100.00
   2    94.404 54671.96982024 39.79 129.448582  49.438245   -100 -100.00 -100.00 -100.00
   3    19.505 54681.88546276  6.94 129.442370  49.435315  4.743 -100.00 -100.00 -100.00
   3    19.478 54681.88546335  7.13 129.444754  49.437443  3.829 -100.00 -100.00 -100.00
   4    95.279 54691.80110512 41.73 129.442751  49.435209 28.541 -100.00 -100.00 -100.00
   4    95.099 54691.80110571 46.08 129.445135  49.437337   -100 -100.00 -100.00 -100.00
   5    19.093 54701.71674512  2.72 129.445696  49.434065  2.754 -100.00 -100.00 -100.00
   5    19.041 54701.71674571  3.00 129.448079  49.436193  3.004 -100.00 -100.00 -100.00
   5    19.089 54701.71674630  2.82 129.450464  49.438321  3.530 -100.00 -100.00 -100.00
   9   158.759 54741.37933886  7.50 129.442042  49.434812  8.000 -100.00 -100.00 -100.00
   9   158.075 54741.37933945  4.71 129.444426  49.436940  6.623 -100.00 -100.00 -100.00
   9   156.459 54741.37934004  6.70 129.446811  49.439068  7.647 -100.00 -100.00 -100.00
  10    94.094 54751.29498615 30.57 129.441549  49.436172   -100 -100.00 -100.00 -100.00
  10    94.421 54751.29498674 28.75 129.443934  49.438300   -100 -100.00 -100.00 -100.00
  11    93.952 54761.21063317 30.45 129.442018  49.436384   -100 -100.00 -100.00 -100.00
  11    94.025 54761.21063376 33.53 129.444403  49.438512   -100 -100.00 -100.00 -100.00
  12    94.137 54771.12627761 33.57 129.443205  49.435176   -100 -100.00 -100.00 -100.00
  12    93.992 54771.12627820 34.13 129.445589  49.437304   -100 -100.00 -100.00 -100.00
  13    93.855 54781.04191889 39.68 129.444717  49.434209 30.126 -100.00 -100.00 -100.00
  13    93.501 54781.04191948 44.09 129.447102  49.436338   -100 -100.00 -100.00 -100.00
  13    93.374 54781.04192007 42.74 129.449487  49.438466   -100 -100.00 -100.00 -100.00
  14    92.996 54790.95755764 38.81 129.446446  49.434124 30.546 -100.00 -100.00 -100.00
  14    93.144 54790.95755823 41.04 129.448830  49.436252 27.050 -100.00 -100.00 -100.00
  15   141.720 54800.87319524 10.88 129.447688  49.435077 11.819 -100.00 -100.00 -100.00
  15   141.279 54800.87319583  7.11 129.450072  49.437206  8.840 -100.00 -100.00 -100.00
  16    94.098 54810.78883222 33.17 129.446858  49.433903   -100 -100.00 -100.00 -100.00
  16    94.414 54810.78883281 33.78 129.449243  49.436031   -100 -100.00 -100.00 -100.00
  17    94.322 54820.70447204 23.06 129.447296  49.433525 11.008 -100.00 -100.00 -100.00
  17    94.359 54820.70447263 23.59 129.449681  49.435653 13.187 -100.00 -100.00 -100.00
  17    94.321 54820.70447322 24.40 129.452065  49.437782 14.999 -100.00 -100.00 -100.00
  18    94.296 54830.62012389 18.04 129.445398  49.433363  7.517 -100.00 -100.00 -100.00
  18    94.463 54830.62012448 18.37 129.447782  49.435492  7.312 -100.00 -100.00 -100.00
  18    94.471 54830.62012507 19.16 129.450166  49.437620  8.916 -100.00 -100.00 -100.00
  19    94.269 54840.53576248 16.63 129.443127  49.434232  5.644 -100.00 -100.00 -100.00
  19    94.317 54840.53576307 17.55 129.445511  49.436360  7.162 -100.00 -100.00 -100.00
  19    94.421 54840.53576366 18.27 129.447896  49.438489  8.712 -100.00 -100.00 -100.00
  20    94.275 54850.45141154 15.95 129.440105  49.436122  5.050 -100.00 -100.00 -100.00
  20    94.434 54850.45141213 15.35 129.442489  49.438251  4.521 -100.00 -100.00 -100.00
  21    94.406 54860.36706016 14.71 129.436876  49.437367  5.732 -100.00 -100.00 -100.00
  21    94.358 54860.36706075 14.86 129.439260  49.439496  5.525 -100.00 -100.00 -100.00
  21    94.386 54860.36706134 14.27 129.441645  49.441624  5.244 -100.00 -100.00 -100.00
  22    94.267 54870.28270840 13.70 129.433086  49.435831  4.640 -100.00 -100.00 -100.00
  22    94.126 54870.28270899 14.18 129.435470  49.437959  5.277 -100.00 -100.00 -100.00
  22    94.495 54870.28270958 14.04 129.437855  49.440088  4.777 -100.00 -100.00 -100.00
  22    94.559 54870.28271017 14.19 129.440240  49.442216  4.959 -100.00 -100.00 -100.00
  23    94.372 54880.19835632 13.43 129.435787  49.436107  4.805 -100.00 -100.00 -100.00
  23    94.337 54880.19835691 13.22 129.438171  49.438235  5.018 -100.00 -100.00 -100.00
  23    94.406 54880.19835750 14.00 129.440556  49.440364  5.581 -100.00 -100.00 -100.00
  24    94.470 54890.11400094 12.83 129.439967  49.435286  4.454 -100.00 -100.00 -100.00
  24    94.159 54890.11400153 13.84 129.442352  49.437414  5.474 -100.00 -100.00 -100.00
  24    94.590 54890.11400212 13.56 129.444737  49.439543  5.094 -100.00 -100.00 -100.00
  25    94.628 54900.02964250 11.95 129.443192  49.435554  3.660 -100.00 -100.00 -100.00
  25    94.603 54900.02964309 13.04 129.445577  49.437682  4.349 -100.00 -100.00 -100.00
  26    94.239 54909.94528131 12.23 129.441962  49.435606  3.962 -100.00 -100.00 -100.00
  26    94.553 54909.94528190 12.38 129.444347  49.437734  4.814 -100.00 -100.00 -100.00
  27    93.791 54919.86091861 15.82 129.439648  49.435504  6.618 -100.00 -100.00 -100.00
  27    93.702 54919.86091920 20.35 129.442033  49.437633 14.820 -100.00 -100.00 -100.00
  28    98.329 54929.77655601 36.94 129.441582  49.436268 31.111 -100.00 -100.00 -100.00
  28    98.140 54929.77655660 32.87 129.443967  49.438397 22.294 -100.00 -100.00 -100.00
  29    97.692 54939.69219229 36.33 129.446108  49.435239   -100 -100.00 -100.00 -100.00
  29    97.734 54939.69219288 27.56 129.448493  49.437367 16.447 -100.00 -100.00 -100.00
  30   144.671 54949.60782711 25.12 129.452136  49.434348 10.791 -100.00 -100.00 -100.00
  30   143.428 54949.60782770 29.27 129.454520  49.436477 28.689 -100.00 -100.00 -100.00
  31    96.157 54959.52346518 29.48 129.453987  49.432907 20.853 -100.00 -100.00 -100.00
  31    96.227 54959.52346577 32.83 129.456372  49.435036   -100 -100.00 -100.00 -100.00
  32    94.982 54969.43911346 28.49 129.450819  49.433238 27.268 -100.00 -100.00 -100.00
  32    95.338 54969.43911405 27.85 129.453204  49.435366 23.285 -100.00 -100.00 -100.00
  33    95.331 54979.35476049 30.80 129.446150  49.432944   -100 -100.00 -100.00 -100.00
  33    95.111 54979.35476108 26.16 129.448534  49.435072   -100 -100.00 -100.00 -100.00
  33    95.212 54979.35476167 22.99 129.450918  49.437201 23.601 -100.00 -100.00 -100.00
  35    95.117 54999.18605571 29.26 129.444705  49.435371   -100 -100.00 -100.00 -100.00
  35    95.024 54999.18605630 26.18 129.447090  49.437500   -100 -100.00 -100.00 -100.00
  36    96.347 55009.10170107 45.18 129.443102  49.434382   -100 -100.00 -100.00 -100.00
  36    96.238 55009.10170166 46.13 129.445486  49.436510   -100 -100.00 -100.00 -100.00
  36    96.257 55009.10170225 50.30 129.447871  49.438638   -100 -100.00 -100.00 -100.00
  37    95.228 55019.01734531 31.00 129.444442  49.436062   -100 -100.00 -100.00 -100.00
  37    95.145 55019.01734590 26.26 129.446827  49.438191   -100 -100.00 -100.00 -100.00
  38    97.424 55028.93298739 34.87 129.441806  49.435768   -100 -100.00 -100.00 -100.00
  38    97.373 55028.93298798 36.45 129.444190  49.437896   -100 -100.00 -100.00 -100.00
  39   160.046 55038.84862910 19.67 129.440328  49.436436 17.308 -100.00 -100.00 -100.00
  39   158.754 55038.84862969 23.39 129.442712  49.438565 23.706 -100.00 -100.00 -100.00
  40    95.824 55048.76426971 44.04 129.441811  49.436749   -100 -100.00 -100.00 -100.00
  40    95.644 55048.76427030 45.43 129.444195  49.438877   -100 -100.00 -100.00 -100.00
  41    96.421 55058.67990807 52.39 129.445267  49.434972 26.312 -100.00 -100.00 -100.00
  41    96.460 55058.67990866 51.36 129.447651  49.437100 20.950 -100.00 -100.00 -100.00
  42    96.322 55068.59554706 41.65 129.449985  49.433787   -100 -100.00 -100.00 -100.00
  42    96.254 55068.59554765 35.12 129.452369  49.435916 27.577 -100.00 -100.00 -100.00
  43    97.868 55078.51119711 53.75 129.451031  49.434514  7.196 -100.00 -100.00 -100.00
  43    97.731 55078.51119770 52.14 129.453415  49.436642  4.856 -100.00 -100.00 -100.00
  44    97.991 55088.42684449 26.95 129.446943  49.434499 13.461 -100.00 -100.00 -100.00
  44    98.108 55088.42684508 33.52 129.449327  49.436627   -100 -100.00 -100.00 -100.00
  45    95.937 55098.34249052 48.33 129.441864  49.434863  7.624 -100.00 -100.00 -100.00
  45    96.193 55098.34249111 48.24 129.444249  49.436991   -100 -100.00 -100.00 -100.00
  45    96.154 55098.34249170 49.08 129.446633  49.439119   -100 -100.00 -100.00 -100.00
  46    96.963 55108.25813644 29.17 129.439759  49.435531 31.264 -100.00 -100.00 -100.00
  46    97.380 55108.25813703 24.68 129.442143  49.437659 14.378 -100.00 -100.00 -100.00
  47    95.778 55118.17378199 25.07 129.442871  49.436580 23.450 -100.00 -100.00 -100.00
  47    95.802 55118.17378258 24.43 129.445256  49.438709 17.155 -100.00 -100.00 -100.00
  48    94.795 55128.08942471 27.51 129.445821  49.435215 32.513 -100.00 -100.00 -100.00
  48    94.800 55128.08942530 27.91 129.448206  49.437343 30.337 -100.00 -100.00 -100.00
  49   142.722 55138.00506499 20.81 129.446978  49.433588 11.363 -100.00 -100.00 -100.00
  49   142.591 55138.00506558 23.90 129.449363  49.435717 14.094 -100.00 -100.00 -100.00
  49   141.935 55138.00506617  6.58 129.451748  49.437845 20.211 -100.00 -100.00 -100.00
  50    93.100 55147.92070363 41.09 129.446686  49.433601   -100 -100.00 -100.00 -100.00
  50    93.184 55147.92070422 43.08 129.449071  49.435729   -100 -100.00 -100.00 -100.00
  50    93.052 55147.92070481 43.90 129.451456  49.437857   -100 -100.00 -100.00 -100.00
  51    93.220 55157.83634170 38.72 129.446125  49.434833   -100 -100.00 -100.00 -100.00
  51    93.494 55157.83634229 42.19 129.448510  49.436961   -100 -100.00 -100.00 -100.00
  52    94.018 55167.75197944 28.88 129.445875  49.435204 16.832 -100.00 -100.00 -100.00
  52    94.040 55167.75198003 29.56 129.448259  49.437333 19.445 -100.00 -100.00 -100.00
  53    94.980 55177.66761616 26.05 129.445610  49.433349 15.519 -100.00 -100.00 -100.00
  53    94.857 55177.66761676 26.35 129.447994  49.435477 18.265 -100.00 -100.00 -100.00
  53    95.055 55177.66761735 25.74 129.450379  49.437606 15.922 -100.00 -100.00 -100.00
  54    95.051 55187.58326046 20.97 129.447483  49.433875  9.057 -100.00 -100.00 -100.00
  54    95.089 55187.58326105 21.63 129.449867  49.436003 11.031 -100.00 -100.00 -100.00
  55    95.283 55197.49891132 18.00 129.445875  49.435125  5.700 -100.00 -100.00 -100.00
  55    95.232 55197.49891192 19.78 129.448259  49.437253  8.857 -100.00 -100.00 -100.00
  56    94.955 55207.41456101 17.92 129.442122  49.436141  6.336 -100.00 -100.00 -100.00
  56    95.106 55207.41456160 18.39 129.444506  49.438270  7.619 -100.00 -100.00 -100.00
  57    95.104 55217.33021011 16.93 129.438361  49.436505  5.779 -100.00 -100.00 -100.00
  57    95.195 55217.33021070 16.75 129.440746  49.438633  5.642 -100.00 -100.00 -100.00
  57    95.221 55217.33021129 16.49 129.443130  49.440762  4.664 -100.00 -100.00 -100.00
  58    94.813 55227.24585886 16.77 129.437378  49.436880  5.968 -100.00 -100.00 -100.00
  58    94.886 55227.24585945 16.32 129.439762  49.439009  5.725 -100.00 -100.00 -100.00
  58    95.211 55227.24586004 16.31 129.442147  49.441137  5.200 -100.00 -100.00 -100.00
  59    94.887 55237.16150507 14.59 129.439751  49.436756  4.495 -100.00 -100.00 -100.00
  59    94.859 55237.16150566 14.45 129.442135  49.438885  4.659 -100.00 -100.00 -100.00
  60    94.835 55247.07714768 14.60 129.443174  49.435586  4.450 -100.00 -100.00 -100.00
  60    94.955 55247.07714827 14.44 129.445559  49.437714  4.147 -100.00 -100.00 -100.00
  61    94.892 55256.99278777 14.09 129.445761  49.435673  5.651 -100.00 -100.00 -100.00
  61    94.961 55256.99278836 13.51 129.448146  49.437801  4.385 -100.00 -100.00 -100.00
  62    95.034 55266.90842608 13.38 129.443614  49.434712  4.337 -100.00 -100.00 -100.00
  62    95.177 55266.90842667 13.93 129.445999  49.436840  4.758 -100.00 -100.00 -100.00
  62    95.131 55266.90842726 14.46 129.448384  49.438968  4.863 -100.00 -100.00 -100.00
  63    94.914 55276.82406434 12.04 129.443414  49.436612  4.370 -100.00 -100.00 -100.00
  63    94.704 55276.82406493 12.63 129.445799  49.438741  4.522 -100.00 -100.00 -100.00
  64    92.807 55286.73970122 18.83 129.444340  49.436481 14.171 -100.00 -100.00 -100.00
  64    92.947 55286.73970181 19.90 129.446725  49.438610 16.607 -100.00 -100.00 -100.00
  65    97.785 55296.65533570 31.34 129.447356  49.434212 15.481 -100.00 -100.00 -100.00
  65    94.338 55296.65533629 33.67 129.449740  49.436340 23.590 -100.00 -100.00 -100.00
  66    93.434 55306.57097629 32.07 129.451064  49.433261 26.538 -100.00 -100.00 -100.00
  66    93.273 55306.57097688 32.33 129.453448  49.435389 27.660 -100.00 -100.00 -100.00
  67    94.340 55316.48662307 46.48 129.451662  49.433916   -100 -100.00 -100.00 -100.00
  67    94.065 55316.48662366 45.84 129.454047  49.436044  4.141 -100.00 -100.00 -100.00
  68    97.987 55326.40226826 23.96 129.448614  49.433956  8.232 -100.00 -100.00 -100.00
  68    97.823 55326.40226885 24.52 129.450999  49.436084  9.107 -100.00 -100.00 -100.00
  69    97.328 55336.31791287 29.81 129.446391  49.435518 26.933 -100.00 -100.00 -100.00
  69    96.598 55336.31791346 28.06 129.448775  49.437646 20.921 -100.00 -100.00 -100.00
  70    97.353 55346.23355667 45.16 129.443568  49.435296   -100 -100.00 -100.00 -100.00
  70    97.448 55346.23355726 46.67 129.445952  49.437424   -100 -100.00 -100.00 -100.00
  72    95.114 55366.06484049 43.40 129.444874  49.435951   -100 -100.00 -100.00 -100.00
  72    94.933 55366.06484108 43.50 129.447259  49.438079 19.527 -100.00 -100.00 -100.00
  73    96.488 55375.98047966 45.37 129.445485  49.435561 24.383 -100.00 -100.00 -100.00
  73    96.349 55375.98048025 49.24 129.447870  49.437689 27.624 -100.00 -100.00 -100.00
  74    95.438 55385.89611736 45.38 129.444359  49.433969   -100 -100.00 -100.00 -100.00
  74    95.220 55385.89611795 47.12 129.446744  49.436097   -100 -100.00 -100.00 -100.00
  74    95.402 55385.89611854 51.54 129.449128  49.438225   -100 -100.00 -100.00 -100.00
  75    94.893 55395.81175460 38.09 129.445445  49.434105   -100 -100.00 -100.00 -100.00
  75    94.693 55395.81175519 36.12 129.447829  49.436233   -100 -100.00 -100.00 -100.00
  75    94.855 55395.81175578 37.36 129.450213  49.438362   -100 -100.00 -100.00 -100.00
  77    97.515 55415.64304645 47.47 129.447381  49.434494   -100 -100.00 -100.00 -100.00
  77    97.539 55415.64304704 52.46 129.449765  49.436622   -100 -100.00 -100.00 -100.00
  78    97.889 55425.55869422 44.42 129.447187  49.433477   -100 -100.00 -100.00 -100.00
  78    97.663 55425.55869481 40.92 129.449571  49.435605   -100 -100.00 -100.00 -100.00
  78    97.678 55425.55869540 41.02 129.451955  49.437733   -100 -100.00 -100.00 -100.00
  79    97.329 55435.47433996 53.22 129.448603  49.434465   -100 -100.00 -100.00 -100.00
  79    97.083 55435.47434055 53.53 129.450988  49.436592 23.849 -100.00 -100.00 -100.00
  80    96.585 55445.38998381 27.35 129.445620  49.433756 29.852 -100.00 -100.00 -100.00
  80    96.735 55445.38998440 25.26 129.448004  49.435884 20.129 -100.00 -100.00 -100.00
  80    96.599 55445.38998499 25.39 129.450389  49.438012 22.291 -100.00 -100.00 -100.00
  81    94.619 55455.30562724 30.79 129.443287  49.434455   -100 -100.00 -100.00 -100.00
  81    94.651 55455.30562783 30.79 129.445672  49.436583   -100 -100.00 -100.00 -100.00
  81    94.667 55455.30562842 29.56 129.448056  49.438711   -100 -100.00 -100.00 -100.00
  82    94.123 55465.22127039 25.83 129.443822  49.436084 29.299 -100.00 -100.00 -100.00
  82    94.186 55465.22127098 27.96 129.446207  49.438212   -100 -100.00 -100.00 -100.00
  83    94.078 55475.13691031 26.91 129.445632  49.435074 13.848 -100.00 -100.00 -100.00
  83    93.786 55475.13691091 27.97 129.448016  49.437203 18.379 -100.00 -100.00 -100.00
  84    94.100 55485.05254697 32.50 129.448042  49.432720 26.030 -100.00 -100.00 -100.00
  84    93.891 55485.05254756 32.75 129.450427  49.434848   -100 -100.00 -100.00 -100.00
  84    94.304 55485.05254815 39.24 129.452812  49.436976 28.730 -100.00 -100.00 -100.00
  85    93.709 55494.96818229 28.60 129.453182  49.434020 24.432 -100.00 -100.00 -100.00
  85    93.624 55494.96818288 28.74 129.455567  49.436149 24.751 -100.00 -100.00 -100.00
  86    93.524 55504.88381590 43.32 129.453789  49.434075 27.100 -100.00 -100.00 -100.00
  86    93.144 55504.88381649 47.22 129.456173  49.436203   -100 -100.00 -100.00 -100.00
  87    92.664 55514.79946549 40.35 129.448158  49.434144   -100 -100.00 -100.00 -100.00
  87    92.948 55514.79946608 43.33 129.450542  49.436273   -100 -100.00 -100.00 -100.00
  88    92.951 55524.71511467 37.93 129.444557  49.434507   -100 -100.00 -100.00 -100.00
  88    93.194 55524.71511526 39.83 129.446942  49.436636   -100 -100.00 -100.00 -100.00
  88    92.949 55524.71511585 39.07 129.449326  49.438764   -100 -100.00 -100.00 -100.00
  89    92.512 55534.63076235 40.93 129.443685  49.435527   -100 -100.00 -100.00 -100.00
  89    92.578 55534.63076294 43.40 129.446069  49.437655   -100 -100.00 -100.00 -100.00
  90    94.377 55544.54640824 31.39 129.443973  49.436478 26.352 -100.00 -100.00 -100.00
  90    94.295 55544.54640883 33.39 129.446358  49.438606   -100 -100.00 -100.00 -100.00
  91    94.718 55554.46205175 23.14 129.441592  49.435440 10.847 -100.00 -100.00 -100.00
  91    94.895 55554.46205234 23.91 129.443976  49.437568 12.100 -100.00 -100.00 -100.00
  92    94.639 55564.37769470 18.69 129.440276  49.435635  5.934 -100.00 -100.00 -100.00
  92    94.875 55564.37769529 19.02 129.442661  49.437763  6.631 -100.00 -100.00 -100.00
  93    94.655 55574.29333740 16.63 129.441483  49.436083  4.421 -100.00 -100.00 -100.00
  93    94.549 55574.29333799 18.49 129.443867  49.438211  6.892 -100.00 -100.00 -100.00
  94    94.550 55584.20897828 17.69 129.442788  49.434462  5.890 -100.00 -100.00 -100.00
  94    94.651 55584.20897887 17.78 129.445172  49.436591  5.886 -100.00 -100.00 -100.00
  94    94.572 55584.20897947 17.82 129.447557  49.438719  7.004 -100.00 -100.00 -100.00
  95    94.465 55594.12461651 17.97 129.448167  49.435165  7.685 -100.00 -100.00 -100.00
  95    94.501 55594.12461710 17.29 129.450552  49.437294  6.507 -100.00 -100.00 -100.00
  96    94.328 55604.04025058 15.84 129.450252  49.433283  4.677 -100.00 -100.00 -100.00
  96    94.359 55604.04025118 16.28 129.452637  49.435411  5.506 -100.00 -100.00 -100.00
  97    94.156 55613.95588290 15.98 129.453371  49.433677  6.109 -100.00 -100.00 -100.00
  97    94.299 55613.95588349 16.41 129.455756  49.435805  6.236 -100.00 -100.00 -100.00
  98    94.196 55623.87152014 14.52 129.451724  49.432222  5.055 -100.00 -100.00 -100.00
  98    94.335 55623.87152073 15.15 129.454108  49.434351  5.949 -100.00 -100.00 -100.00
  99    94.328 55633.78717265 15.08 129.449443  49.434032  4.750 -100.00 -100.00 -100.00
  99    94.601 55633.78717324 15.25 129.451828  49.436160  5.691 -100.00 -100.00 -100.00
 100    94.086 55643.70282245 14.22 129.446984  49.433401  6.439 -100.00 -100.00 -100.00
 100    94.144 55643.70282304 14.89 129.449368  49.435529  6.662 -100.00 -100.00 -100.00
 100    93.407 55643.70282363 17.37 129.451753  49.437657 10.447 -100.00 -100.00 -100.00
 101    93.404 55653.61847004 27.80 129.448254  49.434391 19.534 -100.00 -100.00 -100.00
 101    93.407 55653.61847063 29.69 129.450638  49.436520 24.278 -100.00 -100.00 -100.00
 102    98.023 55663.53411263 26.07 129.447570  49.432730 12.557 -100.00 -100.00 -100.00
 102    93.000 55663.53411322 30.47 129.449954  49.434858 26.064 -100.00 -100.00 -100.00
 102    93.234 55663.53411381 32.53 129.452339  49.436986 27.298 -100.00 -100.00 -100.00
 103    95.012 55673.44975305 45.48 129.448670  49.433987   -100 -100.00 -100.00 -100.00
 103    94.565 55673.44975364 48.45 129.451054  49.436115  6.797 -100.00 -100.00 -100.00
 104    94.542 55683.36539208 34.99 129.449017  49.435368 32.402 -100.00 -100.00 -100.00
 104    94.652 55683.36539267 35.06 129.451401  49.437496   -100 -100.00 -100.00 -100.00
 105    97.718 55693.28102925 27.99 129.447673  49.434381 24.620 -100.00 -100.00 -100.00
 105    94.244 55693.28102984 29.56 129.450057  49.436509   -100 -100.00 -100.00 -100.00
 106    95.049 55703.19666509 43.36 129.448123  49.433434 28.319 -100.00 -100.00 -100.00
 106    94.940 55703.19666568 47.60 129.450508  49.435563   -100 -100.00 -100.00 -100.00
 107    94.112 55713.11230945 30.57 129.447342  49.432994   -100 -100.00 -100.00 -100.00
 107    94.058 55713.11231004 28.74 129.449727  49.435123   -100 -100.00 -100.00 -100.00
 107    94.082 55713.11231063 26.94 129.452111  49.437251 31.839 -100.00 -100.00 -100.00
 108    97.197 55723.02795879 47.75 129.445377  49.433901   -100 -100.00 -100.00 -100.00
 108    97.200 55723.02795938 48.77 129.447762  49.436029   -100 -100.00 -100.00 -100.00
 108    97.179 55723.02795998 52.89 129.450146  49.438158   -100 -100.00 -100.00 -100.00
 109    95.592 55732.94360595 35.40 129.442941  49.434515 23.912 -100.00 -100.00 -100.00
 109    95.468 55732.94360655 35.53 129.445326  49.436643 22.929 -100.00 -100.00 -100.00
 109    95.420 55732.94360714 37.15 129.447710  49.438772 28.817 -100.00 -100.00 -100.00
 110    94.364 55742.85925197 29.79 129.442295  49.435535 30.730 -100.00 -100.00 -100.00
 110    94.470 55742.85925256 28.28 129.444679  49.437663 27.871 -100.00 -100.00 -100.00
 111    94.694 55752.77489681 48.76 129.443901  49.436612 23.205 -100.00 -100.00 -100.00
 111    94.733 55752.77489740 51.76 129.446286  49.438740 21.800 -100.00 -100.00 -100.00
 112    94.642 55762.69053876 41.36 129.445099  49.434552 26.329 -100.00 -100.00 -100.00
 112    94.003 55762.69053935 44.22 129.447484  49.436680   -100 -100.00 -100.00 -100.00
 113    93.779 55772.60617822 32.80 129.447771  49.433387   -100 -100.00 -100.00 -100.00
 113    93.709 55772.60617881 36.28 129.450155  49.435515   -100 -100.00 -100.00 -100.00
 113    94.170 55772.60617940 37.54 129.452540  49.437643 28.917 -100.00 -100.00 -100.00
 114    95.908 55782.52181456 49.55 129.450958  49.433700   -100 -100.00 -100.00 -100.00
 114    95.585 55782.52181515 49.75 129.453343  49.435828 19.843 -100.00 -100.00 -100.00
 115    96.468 55792.43744829 51.22 129.452188  49.433841   -100 -100.00 -100.00 -100.00
 115    97.106 55792.43744888 51.55 129.454572  49.435969   -100 -100.00 -100.00 -100.00
 116    94.707 55802.35308232 31.46 129.452154  49.432982   -100 -100.00 -100.00 -100.00
 116    94.786 55802.35308291 31.00 129.454538  49.435110   -100 -100.00 -100.00 -100.00
 117    94.234 55812.26873272 29.22 129.450785  49.434405   -100 -100.00 -100.00 -100.00
 117    93.802 55812.26873331 31.33 129.453169  49.436533   -100 -100.00 -100.00 -100.00
 118    93.963 55822.18438099 36.62 129.449115  49.433156  8.851 -100.00 -100.00 -100.00
 118    93.943 55822.18438159 31.87 129.451500  49.435284   -100 -100.00 -100.00 -100.00
 119    93.319 55832.10002539 30.07 129.452504  49.434615   -100 -100.00 -100.00 -100.00
 119    93.678 55832.10002598 27.17 129.454889  49.436743 23.335 -100.00 -100.00 -100.00
 120    93.209 55842.01566438 31.60 129.452357  49.433002   -100 -100.00 -100.00 -100.00
 120    93.466 55842.01566497 30.03 129.454741  49.435131   -100 -100.00 -100.00 -100.00
 121    93.171 55851.93130073 28.02 129.453463  49.434038 30.202 -100.00 -100.00 -100.00
 121    93.353 55851.93130132 26.02 129.455848  49.436167 21.069 -100.00 -100.00 -100.00
 122    93.112 55861.84693410 31.86 129.451273  49.432856 31.552 -100.00 -100.00 -100.00
 122    92.954 55861.84693469 31.64 129.453657  49.434984 31.682 -100.00 -100.00 -100.00
 123    93.799 55871.76258779 37.60 129.445885  49.433244 19.603 -100.00 -100.00 -100.00
 123    93.812 55871.76258838 41.54 129.448269  49.435372 22.072 -100.00 -100.00 -100.00
 123    93.025 55871.76258897 47.87 129.450654  49.437500   -100 -100.00 -100.00 -100.00
 124    93.003 55881.67823785 41.35 129.446404  49.434979 26.127 -100.00 -100.00 -100.00
 124    92.349 55881.67823844 43.41 129.448788  49.437107   -100 -100.00 -100.00 -100.00
 125    92.646 55891.59388075 39.46 129.445824  49.433782 17.650 -100.00 -100.00 -100.00
 125    91.811 55891.59388134 42.16 129.448208  49.435911   -100 -100.00 -100.00 -100.00
 125    91.420 55891.59388194 40.62 129.450593  49.438039   -100 -100.00 -100.00 -100.00
 126    93.782 55901.50951838 37.48 129.447332  49.433842   -100 -100.00 -100.00 -100.00
 126    94.364 55901.50951897 39.45 129.449716  49.435970 28.607 -100.00 -100.00 -100.00
 127    94.181 55911.42515242 36.82 129.449155  49.434563 29.996 -100.00 -100.00 -100.00
 127    94.226 55911.42515301 40.98 129.451539  49.436692  6.635 -100.00 -100.00 -100.00
 128    94.733 55921.34080708 35.59 129.445129  49.436254 23.697 -100.00 -100.00 -100.00
 128    93.997 55921.34080767 33.89 129.447513  49.438383   -100 -100.00 -100.00 -100.00
 129    94.969 55931.25645867 33.80 129.441845  49.434628 16.447 -100.00 -100.00 -100.00
 129    94.202 55931.25645926 35.80 129.444230  49.436757   -100 -100.00 -100.00 -100.00
 129    93.924 55931.25645985 32.91 129.446614  49.438885   -100 -100.00 -100.00 -100.00
 130    93.480 55941.17210698 31.67 129.444140  49.434294 22.497 -100.00 -100.00 -100.00
 130    94.111 55941.17210757 35.92 129.446524  49.436423   -100 -100.00 -100.00 -100.00
 130    93.891 55941.17210816 34.70 129.448909  49.438551   -100 -100.00 -100.00 -100.00
 131    94.591 55951.08775100 35.84 129.447857  49.434662 20.053 -100.00 -100.00 -100.00
 131    93.884 55951.08775159 39.38 129.450242  49.436790   -100 -100.00 -100.00 -100.00
 132    93.456 55961.00339033 31.80 129.446911  49.433167   -100 -100.00 -100.00 -100.00
 132    93.987 55961.00339092 33.50 129.449296  49.435295   -100 -100.00 -100.00 -100.00
 132    93.450 55961.00339151 36.89 129.451681  49.437424 13.824 -100.00 -100.00 -100.00
 133    93.508 55970.91902754 30.78 129.445939  49.433583 31.336 -100.00 -100.00 -100.00
 133    93.615 55970.91902813 32.47 129.448324  49.435712   -100 -100.00 -100.00 -100.00
 133    93.487 55970.91902872 35.34 129.450709  49.437840  9.880 -100.00 -100.00 -100.00
 134    94.655 55980.83466379 31.84 129.447056  49.434823 17.132 -100.00 -100.00 -100.00
 134    93.458 55980.83466438 35.52 129.449440  49.436952   -100 -100.00 -100.00 -100.00
 135    93.523 55990.75029854 30.87 129.449376  49.433580   -100 -100.00 -100.00 -100.00
 135    93.639 55990.75029913 33.70 129.451760  49.435708   -100 -100.00 -100.00 -100.00
 136    93.477 56000.66594343 28.79 129.451161  49.433253   -100 -100.00 -100.00 -100.00
 136    93.604 56000.66594402 32.92 129.453545  49.435381   -100 -100.00 -100.00 -100.00
 137    94.300 56010.58159389 30.75 129.452147  49.434276 23.753 -100.00 -100.00 -100.00
 137    93.631 56010.58159448 31.78 129.454532  49.436404   -100 -100.00 -100.00 -100.00
 138    93.791 56020.49723963 33.92 129.448400  49.432699 22.359 -100.00 -100.00 -100.00
 138    93.591 56020.49724022 35.78 129.450785  49.434827 28.928 -100.00 -100.00 -100.00
 138    93.400 56020.49724081 35.28 129.453169  49.436955   -100 -100.00 -100.00 -100.00
 139    93.449 56030.41288305 39.65 129.445415  49.433534   -100 -100.00 -100.00 -100.00
 139    93.294 56030.41288364 40.43 129.447800  49.435662   -100 -100.00 -100.00 -100.00
 139    93.313 56030.41288423 41.24 129.450185  49.437790   -100 -100.00 -100.00 -100.00
 140    97.729 56040.32852494 33.64 129.443916  49.435306   -100 -100.00 -100.00 -100.00
 140    93.333 56040.32852553 36.02 129.446300  49.437434   -100 -100.00 -100.00 -100.00
 141    94.942 56050.24416465 40.63 129.444255  49.435753   -100 -100.00 -100.00 -100.00
 141    95.407 56050.24416524 42.76 129.446639  49.437882 28.159 -100.00 -100.00 -100.00
 142    97.308 56060.15980129 35.80 129.444842  49.433708   -100 -100.00 -100.00 -100.00
 142    95.057 56060.15980188 39.72 129.447227  49.435837   -100 -100.00 -100.00 -100.00
 142    94.665 56060.15980247 37.34 129.449611  49.437965   -100 -100.00 -100.00 -100.00
 143    93.956 56070.07543803 27.29 129.449439  49.433674 27.676 -100.00 -100.00 -100.00
 143    93.768 56070.07543862 27.08 129.451823  49.435802 26.647 -100.00 -100.00 -100.00
 144    94.597 56079.99108873 41.68 129.446657  49.433834 29.812 -100.00 -100.00 -100.00
 144    95.142 56079.99108932 44.57 129.449042  49.435962 24.042 -100.00 -100.00 -100.00
 144    94.362 56079.99108991 49.91 129.451426  49.438091 12.134 -100.00 -100.00 -100.00
 145    94.092 56089.90673665 31.04 129.443450  49.434556   -100 -100.00 -100.00 -100.00
 145    94.046 56089.90673724 30.36 129.445834  49.436684   -100 -100.00 -100.00 -100.00
 145    93.908 56089.90673783 33.39 129.448219  49.438813   -100 -100.00 -100.00 -100.00
 146   143.647 56099.82238228 24.84 129.442118  49.435749 13.836 -100.00 -100.00 -100.00
 146   143.365 56099.82238287 28.55 129.444502  49.437877 18.525 -100.00 -100.00 -100.00
 147    93.962 56109.73801388 27.25 129.443492  49.435908   -100 -100.00 -100.00 -100.00
 147    93.819 56109.73801447 33.71 129.445876  49.438036  9.131 -100.00 -100.00 -100.00
 148    96.036 56119.65365364 38.03 129.445813  49.433313   -100 -100.00 -100.00 -100.00
 148    95.782 56119.65365423 35.18 129.448198  49.435441   -100 -100.00 -100.00 -100.00
 148    95.446 56119.65365482 44.02 129.450582  49.437569 21.547 -100.00 -100.00 -100.00
 149    95.131 56129.56929074 28.95 129.452745  49.433757 31.775 -100.00 -100.00 -100.00
 149    95.131 56129.56929133 32.18 129.455129  49.435885   -100 -100.00 -100.00 -100.00
 150    97.171 56139.48492368 42.61 129.453455  49.431307   -100 -100.00 -100.00 -100.00
 150    96.804 56139.48492427 54.88 129.455839  49.433435 15.806 -100.00 -100.00 -100.00
 150    96.907 56139.48492486 52.75 129.458224  49.435563  4.090 -100.00 -100.00 -100.00
 151    95.355 56149.40057332 47.82 129.449491  49.433067   -100 -100.00 -100.00 -100.00
 151    95.353 56149.40057391 48.51 129.451875  49.435195   -100 -100.00 -100.00 -100.00
 152    95.372 56159.31622266 31.59 129.446334  49.434980   -100 -100.00 -100.00 -100.00
 152    95.095 56159.31622325 29.63 129.448718  49.437109   -100 -100.00 -100.00 -100.00
 153    95.924 56169.23187061 21.75 129.445251  49.435206 14.838 -100.00 -100.00 -100.00
 153    96.110 56169.23187120 20.25 129.447636  49.437334 10.882 -100.00 -100.00 -100.00
 154    96.094 56179.14751509 45.70 129.446074  49.433493 15.557 -100.00 -100.00 -100.00
 154    96.222 56179.14751568 46.01 129.448458  49.435621  6.213 -100.00 -100.00 -100.00
 154    96.470 56179.14751627 46.15 129.450843  49.437749   -100 -100.00 -100.00 -100.00
 155    97.321 56189.06315568 25.90 129.448991  49.433064 10.599 -100.00 -100.00 -100.00
 155    97.247 56189.06315627 22.63 129.451375  49.435192  6.355 -100.00 -100.00 -100.00
 155    97.463 56189.06315686 32.07 129.453760  49.437320 23.957 -100.00 -100.00 -100.00
 156    96.292 56198.97879328 48.54 129.451833  49.434569   -100 -100.00 -100.00 -100.00
 156    96.348 56198.97879387 50.67 129.454218  49.436697 11.511 -100.00 -100.00 -100.00
 157    95.408 56208.89442688 25.88 129.448767  49.432763 22.985 -100.00 -100.00 -100.00
 157    95.984 56208.89442748 19.37 129.451151  49.434892  8.533 -100.00 -100.00 -100.00
 157    96.259 56208.89442807 19.62 129.453536  49.437020  7.899 -100.00 -100.00 -100.00
 158    95.134 56218.81005915 42.84 129.447886  49.432665   -100 -100.00 -100.00 -100.00
 158    95.403 56218.81005974 44.43 129.450270  49.434793   -100 -100.00 -100.00 -100.00
 158    95.176 56218.81006033 46.76 129.452654  49.436922  4.090 -100.00 -100.00 -100.00
 159    94.412 56228.72570560 43.61 129.446402  49.433699   -100 -100.00 -100.00 -100.00
 159    94.892 56228.72570619 44.71 129.448786  49.435828   -100 -100.00 -100.00 -100.00
 159    94.520 56228.72570678 48.16 129.451170  49.437956   -100 -100.00 -100.00 -100.00
 160    93.955 56238.64135964 43.80 129.446805  49.435298   -100 -100.00 -100.00 -100.00
 160    93.503 56238.64136024 45.91 129.449189  49.437426  1.522 -100.00 -100.00 -100.00
 161    93.712 56248.55700952 40.67 129.446251  49.435221 31.256 -100.00 -100.00 -100.00
 161    93.282 56248.55701011 45.98 129.448635  49.437349  8.163 -100.00 -100.00 -100.00
 162    93.292 56258.47265426 38.57 129.444613  49.433887 30.389 -100.00 -100.00 -100.00
 162    93.392 56258.47265485 40.25 129.446998  49.436016   -100 -100.00 -100.00 -100.00
 162    93.194 56258.47265544 40.77 129.449382  49.438144   -100 -100.00 -100.00 -100.00
 163    92.843 56268.38829675 39.30 129.444789  49.435406   -100 -100.00 -100.00 -100.00
 163    92.790 56268.38829734 42.56 129.447173  49.437534   -100 -100.00 -100.00 -100.00
 164    94.619 56278.30393720 35.79 129.443779  49.435207   -100 -100.00 -100.00 -100.00
 164    94.589 56278.30393779 35.80 129.446163  49.437336   -100 -100.00 -100.00 -100.00
 165    95.037 56288.21958672 32.81 129.443081  49.435779 29.671 -100.00 -100.00 -100.00
 165    95.029 56288.21958731 30.98 129.445466  49.437907 22.533 -100.00 -100.00 -100.00
 166    94.888 56298.13523596 31.52 129.444657  49.435338   -100 -100.00 -100.00 -100.00
 166    94.864 56298.13523655 27.82 129.447041  49.437467 20.796 -100.00 -100.00 -100.00
 167    94.739 56308.05088087 25.03 129.445381  49.433455 14.862 -100.00 -100.00 -100.00
 167    94.759 56308.05088146 26.67 129.447766  49.435584 18.562 -100.00 -100.00 -100.00
 167    94.748 56308.05088205 25.65 129.450151  49.437712 19.200 -100.00 -100.00 -100.00
 168    94.524 56317.96652336 24.80 129.446288  49.433542 17.147 -100.00 -100.00 -100.00
 168    94.445 56317.96652395 25.42 129.448673  49.435671 18.980 -100.00 -100.00 -100.00
 168    94.652 56317.96652454 24.83 129.451058  49.437799 17.458 -100.00 -100.00 -100.00
 169    94.596 56327.88216423 26.98 129.444516  49.434187 27.143 -100.00 -100.00 -100.00
 169    94.492 56327.88216482 25.60 129.446901  49.436315 24.395 -100.00 -100.00 -100.00
 169    94.445 56327.88216541 23.84 129.449286  49.438443 19.949 -100.00 -100.00 -100.00
 170    94.358 56337.79780404 26.93 129.443502  49.434607 29.927 -100.00 -100.00 -100.00
 170    94.432 56337.79780464 25.65 129.445887  49.436735 24.696 -100.00 -100.00 -100.00
 170    94.543 56337.79780523 22.07 129.448271  49.438863 13.784 -100.00 -100.00 -100.00
 171    94.393 56347.71344193 23.55 129.444494  49.433564 19.768 -100.00 -100.00 -100.00
 171    94.414 56347.71344252 22.75 129.446878  49.435692 17.978 -100.00 -100.00 -100.00
 171    94.581 56347.71344311 18.12 129.449263  49.437820  8.926 -100.00 -100.00 -100.00
 172    94.107 56357.62907772 21.67 129.449992  49.433501 14.632 -100.00 -100.00 -100.00
 172    93.996 56357.62907831 22.94 129.452376  49.435629 18.946 -100.00 -100.00 -100.00
 173    93.976 56367.54472659 18.87 129.449450  49.433108 11.822 -100.00 -100.00 -100.00
 173    94.592 56367.54472718 15.51 129.451835  49.435236  5.199 -100.00 -100.00 -100.00
 176    99.129 56397.29166359 39.20 129.440184  49.435205   -100 -100.00 -100.00 -100.00
 176    94.175 56397.29166418 41.76 129.442569  49.437333  2.304 -100.00 -100.00 -100.00
 176    94.136 56397.29166477 36.32 129.444953  49.439462   -100 -100.00 -100.00 -100.00
 177    97.450 56407.20730522 41.51 129.441236  49.436330   -100 -100.00 -100.00 -100.00
 177    94.785 56407.20730581 40.54 129.443620  49.438458   -100 -100.00 -100.00 -100.00
 178    94.885 56417.12294290 47.17 129.444100  49.435739   -100 -100.00 -100.00 -100.00
 178    94.822 56417.12294349 49.94 129.446484  49.437867  1.578 -100.00 -100.00 -100.00
 179   143.543 56427.03857584 23.11 129.448902  49.434536   -100 -100.00 -100.00 -100.00
 179   143.479 56427.03857643 34.33 129.451286  49.436665   -100 -100.00 -100.00 -100.00
 180    97.771 56436.95422759 29.13 129.447284  49.435244 19.859 -100.00 -100.00 -100.00
 180    97.560 56436.95422818 29.11 129.449669  49.437372 23.255 -100.00 -100.00 -100.00
 182    97.647 56456.78552762 51.29 129.440881  49.435892   -100 -100.00 -100.00 -100.00
 182    97.378 56456.78552821 53.16 129.443266  49.438020 17.023 -100.00 -100.00 -100.00
 183    97.446 56466.70117370 52.21 129.441782  49.436614 18.986 -100.00 -100.00 -100.00
 183    97.455 56466.70117429 53.31 129.444166  49.438742   -100 -100.00 -100.00 -100.00
 184    98.041 56476.61681563 33.33 129.443933  49.435503   -100 -100.00 -100.00 -100.00
 184    97.921 56476.61681622 25.79 129.446317  49.437631 12.720 -100.00 -100.00 -100.00
 186    97.547 56496.44809011 21.20 129.450189  49.434060  7.157 -100.00 -100.00 -100.00
 186    97.026 56496.44809070 27.66 129.452574  49.436188 17.255 -100.00 -100.00 -100.00
 187    98.879 56506.36372435 47.43 129.449635  49.432725 12.313 -100.00 -100.00 -100.00
 187    98.867 56506.36372494 42.48 129.452020  49.434853   -100 -100.00 -100.00 -100.00
 187    99.018 56506.36372554 47.05 129.454404  49.436981   -100 -100.00 -100.00 -100.00
 188   101.489 56516.27935916 40.62 129.451307  49.433352   -100 -100.00 -100.00 -100.00
 188   101.346 56516.27935975 44.92 129.453691  49.435481   -100 -100.00 -100.00 -100.00
 189   102.226 56526.19501348 34.59 129.446982  49.432670 18.836 -100.00 -100.00 -100.00
 189   102.315 56526.19501407 32.24 129.449366  49.434798 12.917 -100.00 -100.00 -100.00
 189   102.493 56526.19501466 33.05 129.451750  49.436926 15.419 -100.00 -100.00 -100.00
 190   100.422 56536.11066430 54.45 129.447056  49.433292 17.700 -100.00 -100.00 -100.00
 190   100.492 56536.11066489 55.85 129.449440  49.435420 12.377 -100.00 -100.00 -100.00
 190   100.409 56536.11066548 56.24 129.451825  49.437548 15.028 -100.00 -100.00 -100.00
 192   145.110 56555.94195528 21.58 129.446029  49.434587 17.621 -100.00 -100.00 -100.00
 192   144.197 56555.94195587 17.29 129.448414  49.436715   -100 -100.00 -100.00 -100.00
 193   160.626 56565.85759798 25.04 129.444516  49.435719 25.177 -100.00 -100.00 -100.00
 193   162.489 56565.85759857 26.89 129.446901  49.437847 21.365 -100.00 -100.00 -100.00
 194    98.219 56575.77323897 30.79 129.442435  49.435499 24.276 -100.00 -100.00 -100.00
 194    98.114 56575.77323956 28.14 129.444819  49.437627 16.604 -100.00 -100.00 -100.00
 195    96.027 56585.68887692 51.19 129.443108  49.434645   -100 -100.00 -100.00 -100.00
 195    95.736 56585.68887751 53.10 129.445492  49.436773  5.104 -100.00 -100.00 -100.00
 195    95.866 56585.68887810 54.96 129.447876  49.438901  0.443 -100.00 -100.00 -100.00
 196   141.174 56595.60451429 22.86 129.445463  49.433233 16.415 -100.00 -100.00 -100.00
 196   142.229 56595.60451488 27.15 129.447847  49.435361 19.413 -100.00 -100.00 -100.00
 196   141.007 56595.60451547 28.83 129.450231  49.437489   -100 -100.00 -100.00 -100.00
 197   140.882 56605.52016680 19.53 129.444556  49.434024 16.008 -100.00 -100.00 -100.00
 197   142.005 56605.52016739 21.94 129.446940  49.436152 14.442 -100.00 -100.00 -100.00
 197   140.945 56605.52016798 11.96 129.449325  49.438280 29.754 -100.00 -100.00 -100.00
 198    93.770 56615.43581490 41.92 129.445127  49.435737 23.276 -100.00 -100.00 -100.00
 198    92.907 56615.43581549 45.11 129.447511  49.437865 19.165 -100.00 -100.00 -100.00
 199    93.571 56625.35145921 43.02 129.445176  49.436302   -100 -100.00 -100.00 -100.00
 199    93.164 56625.35145980 45.98 129.447561  49.438430 27.695 -100.00 -100.00 -100.00
 200    93.296 56635.26710018 40.94 129.443339  49.434156   -100 -100.00 -100.00 -100.00
 200    93.121 56635.26710077 42.75 129.445724  49.436284   -100 -100.00 -100.00 -100.00
 200    92.887 56635.26710136 43.94 129.448109  49.438413  7.691 -100.00 -100.00 -100.00
 201    95.780 56645.18273906 33.68 129.446173  49.433978 29.480 -100.00 -100.00 -100.00
 201    95.690 56645.18273965 33.42 129.448558  49.436106 30.856 -100.00 -100.00 -100.00
 201    95.611 56645.18274024 34.35 129.450942  49.438235 32.601 -100.00 -100.00 -100.00
 202    96.372 56655.09839216 33.26 129.446384  49.435110 26.161 -100.00 -100.00 -100.00
 202    96.430 56655.09839275 32.37 129.448769  49.437239 24.803 -100.00 -100.00 -100.00
 203    96.370 56665.01404049 29.40 129.445682  49.434403 17.381 -100.00 -100.00 -100.00
 203    96.192 56665.01404108 31.39 129.448067  49.436532 25.845 -100.00 -100.00 -100.00
 204    96.083 56674.92968642 27.41 129.446427  49.435582 17.815 -100.00 -100.00 -100.00
 204    96.046 56674.92968701 28.47 129.448812  49.437711 21.395 -100.00 -100.00 -100.00
 205    95.797 56684.84533033 23.43 129.443396  49.434292 10.103 -100.00 -100.00 -100.00
 205    95.973 56684.84533092 23.16 129.445781  49.436420  9.849 -100.00 -100.00 -100.00
 205    95.905 56684.84533151 24.70 129.448166  49.438549 13.917 -100.00 -100.00 -100.00
 206    95.624 56694.76097277 23.50 129.443707  49.434954 12.813 -100.00 -100.00 -100.00
 206    95.729 56694.76097336 21.99 129.446092  49.437082  9.817 -100.00 -100.00 -100.00
 207    95.245 56704.67661056 21.85 129.445206  49.433889 11.104 -100.00 -100.00 -100.00
 207    95.505 56704.67661115 22.13 129.447591  49.436018 10.689 -100.00 -100.00 -100.00
 207    95.386 56704.67661174 22.24 129.449975  49.438146 12.059 -100.00 -100.00 -100.00
 208   100.622 56714.59224326 15.77 129.449303  49.433138  4.173 -100.00 -100.00 -100.00
 208    99.863 56714.59224385 15.98 129.451688  49.435266  4.360 -100.00 -100.00 -100.00
 209   111.643 56724.50789448  2.01 129.447948  49.434823  6.497 -100.00 -100.00 -100.00
 209   112.989 56724.50789507  2.13 129.450333  49.436952  6.780 -100.00 -100.00 -100.00
 210    94.517 56734.42354413 25.14 129.443028  49.434741   -100 -100.00 -100.00 -100.00
 210    94.480 56734.42354472 18.66 129.445413  49.436869 15.004 -100.00 -100.00 -100.00
 210    94.800 56734.42354531 15.86 129.447798  49.438998  9.630 -100.00 -100.00 -100.00
 211    99.325 56744.33919102 36.01 129.440413  49.436212 25.236 -100.00 -100.00 -100.00
 211    99.131 56744.33919161 31.73 129.442798  49.438341 18.452 -100.00 -100.00 -100.00
 212   100.258 56754.25483362 26.70 129.439986  49.436267 13.364 -100.00 -100.00 -100.00
 212    99.450 56754.25483421 23.76 129.442370  49.438395  9.088 -100.00 -100.00 -100.00
 213    94.407 56764.17047083 27.70 129.442678  49.435310 21.717 -100.00 -100.00 -100.00
 213    93.625 56764.17047142 28.05 129.445062  49.437439 27.952 -100.00 -100.00 -100.00
 214    94.234 56774.08610651 28.62 129.445842  49.434120 31.252 -100.00 -100.00 -100.00
 214    94.390 56774.08610711 29.06 129.448227  49.436248 32.186 -100.00 -100.00 -100.00
 215    94.596 56784.00176388 27.54 129.443858  49.436225 23.579 -100.00 -100.00 -100.00
 215    94.689 56784.00176447 29.44 129.446242  49.438353 30.041 -100.00 -100.00 -100.00
 216    95.016 56793.91741695 43.21 129.439777  49.436428 19.690 -100.00 -100.00 -100.00
 216    94.692 56793.91741754 46.16 129.442162  49.438557 29.531 -100.00 -100.00 -100.00
 217    94.468 56803.83306662 26.43 129.436373  49.435877 18.139 -100.00 -100.00 -100.00
 217    94.095 56803.83306721 27.01 129.438758  49.438005 19.881 -100.00 -100.00 -100.00
 217    94.395 56803.83306780 27.60 129.441143  49.440134 20.778 -100.00 -100.00 -100.00
 218    96.284 56813.74870967 47.15 129.439848  49.437083   -100 -100.00 -100.00 -100.00
 218    96.114 56813.74871026 50.35 129.442232  49.439211   -100 -100.00 -100.00 -100.00
 219    96.198 56823.66434883 47.14 129.442977  49.436132 31.342 -100.00 -100.00 -100.00
 219    95.825 56823.66434942 50.47 129.445361  49.438261   -100 -100.00 -100.00 -100.00
 220   148.918 56833.57998356 14.84 129.445030  49.433608 10.257 -100.00 -100.00 -100.00
 220   149.518 56833.57998415 15.79 129.447414  49.435736  9.896 -100.00 -100.00 -100.00
 220   148.196 56833.57998474 20.85 129.449799  49.437864 17.887 -100.00 -100.00 -100.00
 221    94.832 56843.49561554 46.23 129.449113  49.433286 30.829 -100.00 -100.00 -100.00
 221    94.829 56843.49561613 47.17 129.451498  49.435414   -100 -100.00 -100.00 -100.00
 222    95.598 56853.41125795 54.13 129.449938  49.434516 17.532 -100.00 -100.00 -100.00
 222    95.932 56853.41125854 50.99 129.452322  49.436644   -100 -100.00 -100.00 -100.00
 223    95.146 56863.32691177 38.93 129.445930  49.434795   -100 -100.00 -100.00 -100.00
 223    95.067 56863.32691236 35.93 129.448314  49.436923 32.235 -100.00 -100.00 -100.00
 224    95.496 56873.24256540 24.12 129.444190  49.435775 18.087 -100.00 -100.00 -100.00
 224    95.421 56873.24256599 25.05 129.446575  49.437903 23.968 -100.00 -100.00 -100.00
 225    95.674 56883.15821584 41.92 129.443423  49.436043   -100 -100.00 -100.00 -100.00
 225    95.739 56883.15821643 45.10 129.445807  49.438171   -100 -100.00 -100.00 -100.00
 226    94.542 56893.07386293 28.96 129.443498  49.436604   -100 -100.00 -100.00 -100.00
 226    94.896 56893.07386352 27.10 129.445883  49.438732 25.090 -100.00 -100.00 -100.00
 227    94.248 56902.98950639 23.27 129.441282  49.436161 19.478 -100.00 -100.00 -100.00
 227    94.202 56902.98950698 27.73 129.443667  49.438289   -100 -100.00 -100.00 -100.00
 228    94.436 56912.90514765 34.61 129.437715  49.435797   -100 -100.00 -100.00 -100.00
 228    94.527 56912.90514824 39.27 129.440099  49.437925   -100 -100.00 -100.00 -100.00
 228    94.479 56912.90514883 40.92 129.442484  49.440053   -100 -100.00 -100.00 -100.00
 230    95.107 56932.73642535 42.17 129.440221  49.436293 22.864 -100.00 -100.00 -100.00
 230    94.340 56932.73642594 46.62 129.442606  49.438422   -100 -100.00 -100.00 -100.00
 231    94.009 56942.65205787 28.43 129.445361  49.435259 25.775 -100.00 -100.00 -100.00
 231    93.849 56942.65205846 29.06 129.447745  49.437388 31.317 -100.00 -100.00 -100.00
 232    93.926 56952.56770209 28.84 129.446762  49.434436 18.166 -100.00 -100.00 -100.00
 232    93.581 56952.56770268 33.13 129.449146  49.436564   -100 -100.00 -100.00 -100.00
 233    93.243 56962.48335246 41.10 129.443721  49.434034   -100 -100.00 -100.00 -100.00
 233    93.292 56962.48335305 41.78 129.446106  49.436163   -100 -100.00 -100.00 -100.00
 233    93.224 56962.48335364 44.30 129.448490  49.438291   -100 -100.00 -100.00 -100.00
 234    93.051 56972.39899890 42.28 129.443689  49.436596 27.539 -100.00 -100.00 -100.00
 234    92.348 56972.39899949 47.54 129.446073  49.438724 24.000 -100.00 -100.00 -100.00
 235    91.960 56982.31464064 41.23 129.442868  49.436050   -100 -100.00 -100.00 -100.00
 235    91.673 56982.31464123 41.39 129.445253  49.438178   -100 -100.00 -100.00 -100.00
 236    93.048 56992.23027793 39.19 129.444950  49.434352 24.457 -100.00 -100.00 -100.00
 236    92.520 56992.23027852 42.40 129.447335  49.436480   -100 -100.00 -100.00 -100.00
 236    92.308 56992.23027911 38.20 129.449719  49.438608   -100 -100.00 -100.00 -100.00
 237    93.959 57002.14591236 36.52 129.450756  49.433196 32.626 -100.00 -100.00 -100.00
 237    93.563 57002.14591295 38.17 129.453141  49.435324   -100 -100.00 -100.00 -100.00
 238    93.707 57012.06156979 33.25 129.449259  49.433930 31.517 -100.00 -100.00 -100.00
 238    93.523 57012.06157038 33.04 129.451643  49.436059   -100 -100.00 -100.00 -100.00
 239    93.710 57021.97722099 27.38 129.445883  49.433476 15.869 -100.00 -100.00 -100.00
 239    93.678 57021.97722158 27.36 129.448267  49.435604 14.846 -100.00 -100.00 -100.00
 239    93.585 57021.97722217 27.10 129.450652  49.437733 14.186 -100.00 -100.00 -100.00
 240    93.391 57031.89286963 23.65 129.443575  49.434870 10.163 -100.00 -100.00 -100.00
 240    93.470 57031.89287022 24.69 129.445960  49.436998 13.155 -100.00 -100.00 -100.00
 241    93.376 57041.80851605 23.24 129.442149  49.435405 11.873 -100.00 -100.00 -100.00
 241    93.298 57041.80851664 22.38 129.444534  49.437534 10.158 -100.00 -100.00 -100.00
 242    93.462 57051.72416030 21.84 129.442321  49.434999  8.937 -100.00 -100.00 -100.00
 242    93.300 57051.72416089 22.11 129.444706  49.437128 10.132 -100.00 -100.00 -100.00
 242    93.379 57051.72416148 23.48 129.447091  49.439256 13.475 -100.00 -100.00 -100.00
 243    93.307 57061.63980033 21.56 129.444564  49.433692  9.661 -100.00 -100.00 -100.00
 243    93.241 57061.63980092 21.66 129.446949  49.435820 10.179 -100.00 -100.00 -100.00
 243    93.468 57061.63980151 20.63 129.449333  49.437949  7.978 -100.00 -100.00 -100.00
 244    93.285 57071.55543519 20.13 129.447676  49.433183  8.690 -100.00 -100.00 -100.00
 244    93.307 57071.55543578 21.57 129.450061  49.435311 11.305 -100.00 -100.00 -100.00
 244    93.376 57071.55543637 20.79 129.452445  49.437439 10.161 -100.00 -100.00 -100.00
 245    93.267 57081.47106598 18.10 129.449596  49.433288  7.138 -100.00 -100.00 -100.00
 245    93.488 57081.47106657 16.72 129.451980  49.435416  4.570 -100.00 -100.00 -100.00
 246    93.634 57091.38670946 15.19 129.446542  49.434249  4.459 -100.00 -100.00 -100.00
 246    93.669 57091.38671005 16.54 129.448926  49.436378  6.371 -100.00 -100.00 -100.00
 247   102.227 57101.30236693 11.65 129.441154  49.436037  4.034 -100.00 -100.00 -100.00
 247   100.298 57101.30236752 12.93 129.443538  49.438165  5.341 -100.00 -100.00 -100.00
 248    93.268 57111.21802099 41.20 129.438581  49.435654   -100 -100.00 -100.00 -100.00
 248    93.469 57111.21802158 40.09 129.440965  49.437782   -100 -100.00 -100.00 -100.00
 248    93.719 57111.21802217 39.65 129.443350  49.439911   -100 -100.00 -100.00 -100.00
 249    99.374 57121.13367006 29.80 129.442247  49.436465 15.598 -100.00 -100.00 -100.00
 249    98.948 57121.13367065 28.33 129.444632  49.438594 10.511 -100.00 -100.00 -100.00
 250    97.952 57131.04931305 33.80 129.444769  49.436069 30.659 -100.00 -100.00 -100.00
 250    93.652 57131.04931364 33.67 129.447154  49.438197   -100 -100.00 -100.00 -100.00
 251   140.001 57140.96495032 24.76 129.444493  49.434657 18.365 -100.00 -100.00 -100.00
 251   137.602 57140.96495091 25.11 129.446878  49.436786 20.103 -100.00 -100.00 -100.00
 252   143.004 57150.88058460 25.26 129.445534  49.435277   -100 -100.00 -100.00 -100.00
 252   143.184 57150.88058519 29.33 129.447919  49.437405 24.953 -100.00 -100.00 -100.00
 254    95.488 57170.71186954 29.23 129.446311  49.434016 26.541 -100.00 -100.00 -100.00
 254    95.248 57170.71187013 29.08 129.448695  49.436145 28.809 -100.00 -100.00 -100.00
 255    96.409 57180.62752432 21.63 129.446438  49.433498 13.175 -100.00 -100.00 -100.00
 255    96.109 57180.62752491 17.27 129.448823  49.435626  6.900 -100.00 -100.00 -100.00
 255    96.102 57180.62752550 18.33 129.451207  49.437754  8.398 -100.00 -100.00 -100.00
 256    95.471 57190.54317552 47.55 129.447582  49.434312   -100 -100.00 -100.00 -100.00
 256    95.509 57190.54317611 51.70 129.449966  49.436440   -100 -100.00 -100.00 -100.00
 257    94.669 57200.45882297 29.16 129.444878  49.433930   -100 -100.00 -100.00 -100.00
 257    94.387 57200.45882356 28.62 129.447263  49.436058   -100 -100.00 -100.00 -100.00
 257    94.593 57200.45882415 26.62 129.449647  49.438186 29.696 -100.00 -100.00 -100.00
 258    94.861 57210.37445722 29.35 129.442836  49.435035   -100 -100.00 -100.00 -100.00
 258    94.741 57210.37445781 28.93 129.445220  49.437163   -100 -100.00 -100.00 -100.00
 258    95.084 57210.37445840 25.92 129.447604  49.439291 21.943 -100.00 -100.00 -100.00
 259   178.693 57220.29010156 15.85 129.442685  49.436190  9.913 -100.00 -100.00 -100.00
 259   171.581 57220.29010215 18.01 129.445070  49.438318 12.649 -100.00 -100.00 -100.00
 260    94.341 57230.20574427 28.46 129.442337  49.434492 30.307 -100.00 -100.00 -100.00
 260    94.020 57230.20574486 28.89 129.444721  49.436620   -100 -100.00 -100.00 -100.00
 260    93.755 57230.20574545 28.29 129.447106  49.438748 32.542 -100.00 -100.00 -100.00
 261    94.958 57240.12138520 40.40 129.444979  49.434333 27.211 -100.00 -100.00 -100.00
 261    95.585 57240.12138579 43.41 129.447363  49.436461 19.841 -100.00 -100.00 -100.00
 261    94.660 57240.12138638 43.71 129.449748  49.438589   -100 -100.00 -100.00 -100.00
 262    95.015 57250.03702332 32.10 129.447966  49.434449   -100 -100.00 -100.00 -100.00
 262    94.870 57250.03702391 26.30 129.450351  49.436578 26.887 -100.00 -100.00 -100.00
 263    95.378 57259.95265896 45.33 129.448947  49.434786   -100 -100.00 -100.00 -100.00
 263    95.132 57259.95265955 49.37 129.451331  49.436914  2.986 -100.00 -100.00 -100.00
 264    95.118 57269.86829267 39.64 129.447013  49.433700   -100 -100.00 -100.00 -100.00
 264    95.012 57269.86829326 36.65 129.449397  49.435829 29.057 -100.00 -100.00 -100.00
 264    94.867 57269.86829385 35.17 129.451782  49.437957 26.746 -100.00 -100.00 -100.00
 265    94.111 57279.78394535 29.34 129.444711  49.436153   -100 -100.00 -100.00 -100.00
 265    93.909 57279.78394594 28.96 129.447095  49.438281   -100 -100.00 -100.00 -100.00
 266   157.066 57289.69960027  9.86 129.441323  49.435074 20.444 -100.00 -100.00 -100.00
 266   155.236 57289.69960086 14.16 129.443707  49.437203 30.257 -100.00 -100.00 -100.00
 266   154.161 57289.69960145 16.70 129.446091  49.439331 31.268 -100.00 -100.00 -100.00
 267    93.992 57299.61525280 44.22 129.441794  49.434862   -100 -100.00 -100.00 -100.00
 267    94.128 57299.61525339 45.37 129.444178  49.436990   -100 -100.00 -100.00 -100.00
 267    93.613 57299.61525398 50.53 129.446562  49.439118   -100 -100.00 -100.00 -100.00
 268    94.402 57309.53090178 42.40 129.443064  49.434280 31.828 -100.00 -100.00 -100.00
 268    94.609 57309.53090237 43.45 129.445448  49.436408 24.566 -100.00 -100.00 -100.00
 268    94.265 57309.53090296 47.81 129.447833  49.438536   -100 -100.00 -100.00 -100.00
 269    93.769 57319.44654755 34.38 129.443097  49.435179   -100 -100.00 -100.00 -100.00
 269    93.930 57319.44654814 35.66 129.445482  49.437307   -100 -100.00 -100.00 -100.00
 270    93.303 57329.36219044 45.15 129.441623  49.436387   -100 -100.00 -100.00 -100.00
 270    93.356 57329.36219103 48.57 129.444008  49.438515   -100 -100.00 -100.00 -100.00
 271   140.786 57339.27783123 19.84 129.441184  49.437149 16.681 -100.00 -100.00 -100.00
 271   140.201 57339.27783182 22.39 129.443568  49.439277 27.468 -100.00 -100.00 -100.00
 272    92.063 57349.19348065 40.21 129.440338  49.436562 26.658 -100.00 -100.00 -100.00
 272    91.584 57349.19348124 44.71 129.442723  49.438690   -100 -100.00 -100.00 -100.00
 273    92.689 57359.10912700 39.46 129.443960  49.436365   -100 -100.00 -100.00 -100.00
 273    92.435 57359.10912759 39.62 129.446345  49.438494   -100 -100.00 -100.00 -100.00
 274    95.044 57369.02476979 39.40 129.446596  49.435061 19.286 -100.00 -100.00 -100.00
 274    94.249 57369.02477038 43.20 129.448981  49.437190   -100 -100.00 -100.00 -100.00
 275    94.429 57378.94040931 35.22 129.445370  49.433220   -100 -100.00 -100.00 -100.00
 275    95.439 57378.94040990 37.60 129.447754  49.435348 17.012 -100.00 -100.00 -100.00
 275    94.387 57378.94041049 40.45 129.450139  49.437477   -100 -100.00 -100.00 -100.00
 276    93.683 57388.85604785 31.73 129.445420  49.434293   -100 -100.00 -100.00 -100.00
 276    93.693 57388.85604844 31.15 129.447805  49.436422   -100 -100.00 -100.00 -100.00
 277    93.666 57398.77168508 28.66 129.445041  49.433674 23.779 -100.00 -100.00 -100.00
 277    93.712 57398.77168567 26.77 129.447425  49.435802 17.695 -100.00 -100.00 -100.00
 277    93.910 57398.77168626 25.18 129.449810  49.437931 14.939 -100.00 -100.00 -100.00
 278    93.578 57408.68732199 28.21 129.448139  49.433640 24.697 -100.00 -100.00 -100.00
 278    93.587 57408.68732258 27.43 129.450523  49.435769 22.325 -100.00 -100.00 -100.00
 279    93.362 57418.60297455 27.94 129.446510  49.433050 26.877 -100.00 -100.00 -100.00
 279    93.355 57418.60297514 28.33 129.448894  49.435179 29.240 -100.00 -100.00 -100.00
 279    93.814 57418.60297573 23.40 129.451279  49.437307 12.567 -100.00 -100.00 -100.00
 280    93.898 57428.51862532 20.76 129.447214  49.435398  8.524 -100.00 -100.00 -100.00
 280    93.972 57428.51862591 20.66 129.449599  49.437527  9.257 -100.00 -100.00 -100.00
 281    93.760 57438.43427263 28.60 129.442014  49.434432 26.097 -100.00 -100.00 -100.00
 281    93.562 57438.43427322 28.75 129.444399  49.436560 32.529 -100.00 -100.00 -100.00
 281    93.607 57438.43427381 28.19 129.446784  49.438689 31.233 -100.00 -100.00 -100.00
 282    93.904 57448.34991970 20.10 129.440614  49.436931 10.542 -100.00 -100.00 -100.00
 282    94.102 57448.34992029 19.42 129.442998  49.439060  8.269 -100.00 -100.00 -100.00
 283    93.866 57458.26556472 17.16 129.436986  49.435429  6.181 -100.00 -100.00 -100.00
 283    93.992 57458.26556531 17.76 129.439370  49.437558  7.809 -100.00 -100.00 -100.00
 283    94.295 57458.26556590 16.93 129.441755  49.439686  5.626 -100.00 -100.00 -100.00
 284    93.571 57468.18120782 27.65 129.439767  49.435700 26.569 -100.00 -100.00 -100.00
 284    93.440 57468.18120841 23.97 129.442152  49.437828 18.886 -100.00 -100.00 -100.00
 285    97.782 57478.09684666 44.02 129.443928  49.434115  9.265 -100.00 -100.00 -100.00
 285    98.267 57478.09684725 28.90 129.446312  49.436243 15.644 -100.00 -100.00 -100.00
 285    99.057 57478.09684784 27.27 129.448697  49.438372 12.040 -100.00 -100.00 -100.00
 286    92.994 57488.01248248 33.98 129.448462  49.433649   -100 -100.00 -100.00 -100.00
 286    93.343 57488.01248307 38.33 129.450846  49.435777   -100 -100.00 -100.00 -100.00
 287    93.488 57497.92811624 36.55 129.452413  49.434438   -100 -100.00 -100.00 -100.00
 287    93.504 57497.92811683 36.21 129.454798  49.436567   -100 -100.00 -100.00 -100.00
 288    93.890 57507.84375585 30.24 129.451496  49.434639   -100 -100.00 -100.00 -100.00
 288    94.017 57507.84375644 29.73 129.453881  49.436768   -100 -100.00 -100.00 -100.00
 289   143.415 57517.75941147 28.20 129.447007  49.435489   -100 -100.00 -100.00 -100.00
 289   144.979 57517.75941206 24.56 129.449392  49.437617 14.218 -100.00 -100.00 -100.00
 290   145.989 57527.67506397 24.30 129.444066  49.434277 19.822 -100.00 -100.00 -100.00
 290   146.484 57527.67506456 27.46 129.446450  49.436405 18.639 -100.00 -100.00 -100.00
 290   145.711 57527.67506515 30.67 129.448835  49.438533 31.317 -100.00 -100.00 -100.00
 291    95.305 57537.59071414 38.49 129.444891  49.433437   -100 -100.00 -100.00 -100.00
 291    95.272 57537.59071473 32.49 129.447275  49.435565   -100 -100.00 -100.00 -100.00
 291    95.072 57537.59071532 32.23 129.449659  49.437693   -100 -100.00 -100.00 -100.00
 292    95.659 57547.50636222 27.07 129.447198  49.434439 22.490 -100.00 -100.00 -100.00
 292    95.562 57547.50636281 23.03 129.449582  49.436567 13.745 -100.00 -100.00 -100.00
 293    96.097 57557.42200862 25.19 129.446584  49.434897 16.453 -100.00 -100.00 -100.00
 293    95.823 57557.42200921 22.16 129.448968  49.437025  9.963 -100.00 -100.00 -100.00
 294    97.241 57567.33765414 45.41 129.445194  49.436279 24.140 -100.00 -100.00 -100.00
 294    96.801 57567.33765473 49.83 129.447578  49.438407   -100 -100.00 -100.00 -100.00
 295    98.183 57577.25329856 42.38 129.442597  49.435672   -100 -100.00 -100.00 -100.00
 295    98.410 57577.25329915 43.30 129.444981  49.437801   -100 -100.00 -100.00 -100.00
 296    97.755 57587.16894223 34.78 129.443250  49.436081 28.512 -100.00 -100.00 -100.00
 296    97.671 57587.16894282 32.18 129.445634  49.438209 21.581 -100.00 -100.00 -100.00
 297    96.327 57597.08458309 47.76 129.443133  49.434596   -100 -100.00 -100.00 -100.00
 297    96.170 57597.08458368 48.87 129.445518  49.436725   -100 -100.00 -100.00 -100.00
 297    95.956 57597.08458427 51.60 129.447902  49.438853   -100 -100.00 -100.00 -100.00
