-273103.988   245.543     0.00   12.39
-272817.911   246.105     1.97   13.19
-272531.856   246.937     2.91   13.59
-272245.823   248.385     5.06   12.77
-271959.813   250.215     6.40   11.61
-271673.825   251.396     4.13   11.00
-271387.859   252.839     5.05   10.10
-271101.915   254.435     5.58    9.57
-270815.993   254.953     1.81    9.29
-270530.093   254.105    -2.97   10.42
-270244.216   251.928    -7.62   11.69
-269958.361   247.396   -15.86   14.08
-269672.527   241.095   -22.05   16.56
-269386.716   234.039   -24.69   16.74
-269100.927   227.964   -21.26   15.57
-268815.160   223.378   -16.05   13.77
-268529.416   218.061   -18.61   13.18
-268243.693   211.240   -23.88   16.18
-267957.992   207.528   -13.00   17.20
-267672.314   205.483    -7.16   18.53
-267386.657   203.992    -5.22   19.30
-267101.023   200.628   -11.78   18.44
-266815.411   196.472   -14.55   17.35
-266529.820   194.712    -6.16   16.86
-266244.252   194.914     0.71   15.02
-265958.706   197.847    10.27   15.36
-265673.182   203.622    20.23   16.01
-265387.680   208.394    16.72   15.96
-265102.200   212.439    14.17   15.05
-264816.742   216.443    14.03   13.04
-264531.306   219.140     9.45   12.22
-264245.892   220.735     5.59   12.09
-263960.500   222.505     6.21   12.02
-263675.130   224.532     7.10   11.70
-263389.783   227.049     8.82   10.71
-263104.457   230.162    10.91   10.39
-262819.153   232.539     8.33    9.67
-262533.871   234.910     8.31    7.92
-262248.611   235.383     1.66    7.53
-261963.373   235.439     0.19    7.83
-261678.157   233.850    -5.57    9.91
-261392.963   230.672   -11.14   11.47
-261107.791   226.294   -15.35   10.59
-260822.641   223.461    -9.94    9.88
-260537.513   221.528    -6.78   10.82
-260252.407   220.292    -4.33   14.72
-259967.323   220.084    -0.73   18.92
-259682.260   221.183     3.86   20.39
-259397.220   222.779     5.60   20.38
-259112.201   223.829     3.68   19.42
-258827.205   223.988     0.56   17.63
-258542.230   225.203     4.26   16.33
-258257.278   227.413     7.76   14.61
-257971.384   231.394    13.93   13.60
-257681.628   234.897    12.09   12.61
-257391.894   237.299     8.29   11.92
-257102.184   239.021     5.95   11.02
-256812.497   240.754     5.98    9.91
-256522.832   243.040     7.89    9.68
-256233.191   245.699     9.18    9.45
-255943.573   248.870    10.95    9.04
-255653.977   251.567     9.32    8.18
-255364.405   252.815     4.31    6.71
-255074.855   252.446    -1.28    7.44
-254785.329   251.299    -3.96    8.20
-254495.825   250.314    -3.40    8.56
-254206.345   250.017    -1.03    8.84
-253916.887   252.030     6.96    8.94
-253627.452   254.605     8.90    9.13
-253338.040   256.421     6.27    8.91
-253048.651   256.794     1.29    8.62
-252759.285   257.725     3.22    8.93
-252469.942   257.428    -1.03    9.75
-252180.622   256.193    -4.27   10.65
-251891.325   254.514    -5.81   10.84
-251602.050   254.171    -1.18   10.18
-251312.799   253.583    -2.03   11.10
-251023.570   250.139   -11.91   14.23
-250734.364   245.072   -17.52   16.30
-250445.182   239.328   -19.87   16.87
-250156.021   234.203   -17.73   19.29
-249866.884   229.105   -17.63   21.66
-249577.770   222.394   -23.22   22.29
-249288.679   217.894   -15.57   21.28
-248999.610   215.405    -8.61   20.04
-248710.564   212.487   -10.10   20.10
-248421.541   213.239     2.60   22.84
-248132.541   215.628     8.27   26.83
-247843.564   218.842    11.12   28.04
-247554.609   221.294     8.49   26.38
-247265.677   223.285     6.89   26.74
-246976.769   224.937     5.72   28.05
-246687.882   225.060     0.43   30.11
-246399.019   223.185    -6.49   31.37
-246110.179   218.982   -14.55   29.25
-245821.361   217.305    -5.81   25.66
-245532.566   218.539     4.27   21.67
-245243.794   222.232    12.79   20.63
-244955.044   228.813    22.80   23.35
-244666.317   234.398    19.34   24.38
-244377.613   241.876    25.91   25.15
-244088.932   249.577    26.68   23.01
-243800.274   254.494    17.04   21.52
-243511.638   258.728    14.67   21.60
-243223.025   267.060    28.88   25.21
-242934.435   277.174    35.05   25.79
-242645.867   289.239    41.82   25.00
-242357.322   299.001    33.84   23.38
-242068.800   304.026    17.42   21.27
-241780.301   305.205     4.09   19.61
-241491.824   304.661    -1.89   17.98
-241203.370   305.401     2.57   17.75
-240914.938   305.908     1.76   20.75
-240626.530   304.194    -5.94   23.61
-240338.144   300.048   -14.38   25.81
-240049.780   298.844    -4.18   25.26
-239761.440   301.617     9.62   26.36
-239473.122   304.150     8.79   27.74
-239184.826   307.465    11.50   28.20
-238896.553   313.393    20.57   28.46
-238608.303   321.261    27.30   24.96
-238320.076   327.285    20.91   21.81
-238031.871   331.946    16.18   22.48
-237743.689   337.375    18.84   26.28
-237455.529   342.461    17.65   30.10
-237167.392   348.605    21.33   32.64
-236879.277   355.753    24.81   34.14
-236591.186   362.105    22.05   34.00
-236303.116   365.617    12.19   32.79
-236015.070   367.768     7.47   28.86
-235727.046   371.219    11.98   27.92
-235439.044   375.928    16.35   28.55
-235151.065   379.994    14.12   28.33
-234863.109   385.617    19.53   25.84
-234575.175   392.268    23.11   21.67
-234287.264   398.272    20.86   19.73
-233999.375   404.674    22.24   20.47
-233711.509   409.537    16.90   20.54
-233423.665   412.361     9.81   20.10
-233135.844   416.150    13.17   21.25
-232848.046   417.139     3.44   24.70
-232560.270   414.071   -10.66   29.43
-232272.516   404.454   -33.43   35.32
-231984.785   390.139   -49.76   40.46
-231697.077   371.554   -64.61   46.79
-231409.391   349.566   -76.44   48.13
-231121.727   331.839   -61.64   42.44
-230834.086   319.228   -43.85   37.74
-230546.468   307.401   -41.13   31.34
-230258.872   296.174   -39.04   23.73
-229971.298   287.972   -28.53   19.04
-229683.747   282.733   -18.22   16.63
-229396.218   279.162   -12.42   15.10
-229108.712   278.061    -3.83   13.59
-228821.228   278.350     1.01   11.86
-228533.767   281.015     9.27   12.00
-228246.328   286.519    19.15   13.75
-227958.911   293.050    22.73   15.74
-227671.517   298.469    18.86   17.68
-227384.146   303.841    18.70   21.08
-227096.797   311.139    25.40   24.94
-226809.470   322.017    37.86   30.30
-226522.165   335.428    46.69   36.49
-226234.883   351.810    57.04   41.75
-225947.624   368.232    57.18   42.96
-225660.387   384.628    57.09   42.01
-225373.172   401.427    58.50   41.60
-225085.979   416.243    51.60   40.72
-224798.809   431.028    51.49   44.80
-224511.662   442.639    40.44   48.88
-224224.536   455.903    46.21   50.80
-223937.433   471.381    53.92   53.48
-223650.353   485.287    48.45   58.63
-223363.294   503.870    64.75   68.15
-223076.258   524.151    70.67   66.11
-222789.245   538.061    48.47   63.29
-222502.253   549.677    40.48   58.00
-222215.285   552.490     9.80   53.57
-221928.338   545.184   -25.47   51.86
-221641.413   530.742   -50.34   51.98
-221354.511   510.239   -71.48   49.57
-221067.632   491.353   -65.85   43.68
-220780.774   473.872   -60.95   40.20
-220493.939   459.850   -48.90   40.15
-220207.126   448.094   -40.99   42.25
-219920.336   435.512   -43.88   44.47
-219633.567   421.050   -50.44   46.22
-219346.821   402.476   -64.79   45.41
-219060.097   384.594   -62.38   42.93
-218773.396   367.617   -59.23   31.62
-218486.717   361.628   -20.89   27.30
-218200.060   358.279   -11.68   27.14
-217913.425   353.955   -15.09   31.22
-217626.812   346.644   -25.51   37.62
-217340.222   335.305   -39.57   44.31
-217053.654   320.017   -53.36   49.68
-216767.108   298.611   -74.72   44.71
-216480.584   279.171   -67.86   32.16
-216194.083   264.961   -49.61   22.35
-215907.603   256.897   -28.15   16.68
-215621.146   254.402    -8.71   13.46
-215334.711   255.417     3.54   13.67
-215048.299   258.237     9.85   14.68
-214761.908   263.105    17.00   14.97
-214475.540   267.573    15.60   13.81
-214189.194   269.812     7.82   13.42
-213902.870   270.017     0.71   15.11
-213616.568   270.328     1.09   17.90
-213330.288   270.505     0.62   19.13
-213044.031   273.380    10.04   23.13
-212757.795   280.519    24.94   33.01
-212471.582   289.224    30.42   39.33
-212185.391   299.478    35.84   42.48
-211899.222   306.345    24.00   42.45
-211613.075   311.661    18.58   40.51
-211326.950   314.285     9.17   39.09
-211040.848   312.005    -7.97   39.32
-210754.767   304.622   -25.81   34.82
-210468.708   298.935   -19.88   29.02
-210182.672   295.616   -11.61   24.30
-209896.658   295.616    -0.00   24.21
-209610.666   302.573    24.33   31.55
-209324.696   314.383    41.31   39.12
-209038.748   331.353    59.35   47.76
-208752.822   353.028    75.82   53.33
-208466.918   370.747    61.99   49.28
-208181.036   381.701    38.32   42.27
-207895.176   391.963    35.90   40.67
-207609.338   392.808     2.96   41.29
-207323.522   388.877   -13.75   44.01
-207037.729   376.872   -42.01   48.35
-206751.957   360.240   -58.21   51.46
-206466.207   341.394   -65.96   53.29
-206180.480   323.116   -63.98   46.45
-205894.774   308.542   -51.02   30.90
-205609.091   301.508   -24.63   21.00
-205323.429   299.371    -7.48   16.07
-205037.790   300.062     2.42   16.02
-204752.172   301.439     4.82   15.73
-204466.576   302.186     2.62   15.14
-204181.003   296.765   -18.99   18.60
-203895.451   290.366   -22.41   16.25
-203609.921   286.159   -14.74   13.83
-203324.414   285.871    -1.01   13.99
-203038.928   288.396     8.84   16.20
-202753.464   293.294    17.16   17.86
-202468.022   299.839    22.93   18.26
-202182.602   307.880    28.18   19.98
-201897.204   314.622    23.63   23.05
-201611.828   319.883    18.44   23.81
-201326.474   320.892     3.54   24.72
-201041.142   313.750   -25.03   31.50
-200755.832   305.016   -30.62   36.57
-200470.543   293.005   -42.11   37.37
-200185.277   283.939   -31.79   34.21
-199900.032   275.534   -29.47   25.77
-199614.810   270.794   -16.62   15.82
-199329.609   272.757     6.88   15.00
-199044.430   280.140    25.89   19.29
-198759.273   289.946    34.39   21.37
-198474.138   299.255    32.65   20.51
-198189.025   308.899    33.83   17.81
-197903.933   315.662    23.73   13.92
-197618.864   318.828    11.11   10.65
-197333.816   318.805    -0.08    9.67
-197048.790   316.537    -7.96   11.25
-196763.786   313.466   -10.78   12.46
-196478.804   311.645    -6.39   12.32
-196193.844   311.555    -0.32   12.35
-195906.723   313.980     8.45   13.98
-195616.959   317.867    13.41   14.73
-195327.219   323.589    19.75   15.35
-195037.501   330.472    23.76   17.30
-194747.806   338.174    26.59   20.59
-194458.135   347.350    31.68   23.50
-194168.486   356.393    31.23   24.82
-193878.860   364.701    28.69   24.66
-193589.257   370.733    20.83   26.11
-193299.676   372.594     6.43   30.86
-193010.119   371.583    -3.49   34.33
-192720.584   371.600     0.06   35.18
-192431.073   370.780    -2.83   35.16
-192141.584   372.028     4.31   34.23
-191852.118   374.708     9.26   33.70
-191562.675   378.639    13.58   34.09
-191273.254   386.072    25.69   36.62
-190983.857   394.328    28.53   38.59
-190694.482   399.528    17.97   38.00
-190405.131   404.732    17.99   34.60
-190115.802   410.217    18.96   31.13
-189826.495   415.961    19.86   28.98
-189537.212   424.692    30.19   30.46
-189247.951   433.247    29.58   34.25
-188958.713   443.008    33.75   36.83
-188669.498   450.214    24.92   35.19
-188380.306   457.677    25.81   31.04
-188091.137   465.319    26.43   28.64
-187801.990   473.802    29.34   31.91
-187512.866   477.394    12.43   36.62
-187223.765   476.677    -2.48   35.56
-186934.686   472.808   -13.39   36.87
-186645.631   468.932   -13.41   38.47
-186356.598   460.116   -30.50   40.93
-186067.587   452.203   -27.38   38.18
-185778.600   443.678   -29.50   28.67
-185489.635   441.532    -7.43   24.15
-185200.693   443.982     8.48   24.98
-184911.774   451.410    25.71   25.99
-184622.877   461.955    36.51   27.04
-184334.003   473.682    40.60   30.30
-184045.152   482.708    31.25   32.76
-183756.323   493.040    35.78   35.72
-183467.517   507.413    49.78   36.97
-183178.734   520.701    46.02   38.81
-182889.974   535.499    51.25   42.09
-182601.236   555.850    70.49   48.49
-182312.520   581.388    88.47   54.67
-182023.828   612.084   106.34   60.27
-181735.158   635.116    79.80   59.74
-181446.511   654.562    67.38   49.48
-181157.886   666.974    43.01   38.58
-180869.284   672.494    19.13   30.84
-180580.705   672.386    -0.37   32.05
-180292.148   666.050   -21.96   34.08
-180003.614   655.161   -37.74   33.35
-179715.102   642.721   -43.13   36.25
-179426.613   625.424   -59.97   37.48
-179138.147   609.183   -56.31   39.32
-178849.703   598.688   -36.39   38.85
-178561.282   586.328   -42.86   36.98
-178272.884   568.765   -60.91   39.20
-177984.508   548.837   -69.12   41.23
-177696.154   537.391   -39.70   36.84
-177407.823   538.836     5.01   40.96
-177119.515   549.243    36.10   53.69
-176831.229   564.117    51.60   61.78
-176542.966   582.870    65.06   63.65
-176254.726   602.194    67.05   56.41
-175966.507   611.926    33.77   49.96
-175678.312   615.528    12.50   52.58
-175390.139   620.479    17.18   58.75
-175101.988   621.454     3.38   60.83
-174813.860   614.910   -22.71   59.01
-174525.755   609.698   -18.09   57.35
-174237.672   600.969   -30.31   54.43
-173949.611   599.559    -4.90   48.97
-173661.573   596.197   -11.67   46.32
-173373.558   590.780   -18.81   40.53
-173085.565   588.750    -7.05   37.32
-172797.594   590.628     6.52   37.07
-172509.646   593.117     8.65   36.98
-172221.721   595.047     6.71   34.56
-171933.817   595.594     1.90   32.69
-171645.937   604.072    29.45   35.55
-171358.079   610.710    23.06   39.40
-171070.243   621.979    39.16   42.82
-170782.429   636.253    49.60   45.58
-170494.638   658.183    76.21   51.54
-170206.870   687.027   100.25   58.36
-169919.124   711.583    85.35   58.18
-169631.400   727.733    56.14   50.50
-169343.699   734.370    23.07   45.42
-169056.020   735.685     4.57   46.01
-168768.364   725.220   -36.38   51.82
-168480.730   705.312   -69.22   58.57
-168193.118   675.229  -104.61   64.35
-167905.529   647.799   -95.39   64.41
-167617.962   623.813   -83.42   61.61
-167330.417   600.151   -82.30   56.55
-167042.895   576.821   -81.15   52.62
-166755.395   558.966   -62.11   56.24
-166467.918   537.333   -75.26   69.33
-166180.463   511.381   -90.29   78.71
-165893.030   478.321  -115.03   76.58
-165605.620   445.971  -112.58   64.33
-165318.231   419.617   -91.71   50.08
-165030.866   401.049   -64.62   39.18
-164743.522   388.219   -44.66   28.35
-164456.201   383.026   -18.08   28.63
-164168.902   383.524     1.73   39.07
-163881.626   384.117     2.06   42.58
-163594.372   383.185    -3.24   43.98
-163307.140   379.833   -11.67   40.10
-163019.930   373.678   -21.43   35.68
-162732.743   366.583   -24.71   34.14
-162445.578   356.890   -33.76   36.25
-162158.435   344.240   -44.06   35.34
-161871.315   334.844   -32.73   34.40
-161584.216   332.512    -8.12   33.23
-161297.140   337.901    18.77   39.09
-161010.087   355.715    62.07   53.16
-160723.055   382.071    91.84   68.13
-160436.046   417.723   124.24   74.66
-160149.059   443.071    88.34   66.61
-159862.094   457.151    49.07   58.66
-159575.152   456.412    -2.57   58.08
-159288.231   452.912   -12.20   62.15
-159001.333   442.611   -35.91   64.26
-158714.457   427.287   -53.42   59.84
-158427.604   408.726   -64.71   56.23
-158140.772   394.855   -48.36   54.42
-157853.963   388.685   -21.52   50.01
-157567.176   390.645     6.83   45.58
-157280.411   394.708    14.17   43.20
-156993.668   404.634    34.62   50.97
-156706.947   416.646    41.90   57.42
-156420.249   430.508    48.36   58.61
-156133.573   447.726    60.07   59.94
-155846.919   476.268    99.58   63.31
-155560.287   506.014   103.79   64.00
-155273.677   526.255    70.63   58.25
-154987.089   536.735    36.57   53.00
-154700.524   540.185    12.04   49.07
-154413.980   535.982   -14.67   52.82
-154127.459   520.335   -54.62   58.87
-153840.960   499.278   -73.51   59.21
-153554.483   479.565   -68.82   51.40
-153268.028   463.162   -57.27   49.25
-152981.595   439.335   -83.20   51.89
-152695.184   421.715   -61.53   54.75
-152408.796   411.935   -34.15   54.90
-152122.429   410.308    -5.68   57.01
-151836.085   413.948    12.72   60.58
-151549.762   419.901    20.79   65.15
-151263.462   426.276    22.27   65.93
-150977.183   428.301     7.07   65.06
-150690.927   410.628   -61.75   70.32
-150404.693   378.335  -112.83   62.53
-150118.481   352.594   -89.95   47.03
-149832.291   332.646   -69.71   33.38
-149546.123   316.510   -56.39   26.91
-149259.977   304.628   -41.53   23.74
-148973.853   297.117   -26.26   21.63
-148687.751   293.749   -11.77   22.94
-148401.671   296.853    10.85   30.90
-148115.613   303.815    24.34   39.27
-147829.577   311.424    26.60   42.02
-147543.563   315.450    14.08   41.04
-147257.571   315.333    -0.41   40.47
-146971.601   310.140   -18.16   38.93
-146685.653   302.515   -26.67   39.01
-146399.727   288.571   -48.77   39.39
-146113.823   273.914   -51.27   33.85
-145827.941   260.821   -45.80   28.61
-145542.081   249.738   -38.78   24.48
-145256.243   240.899   -30.93   20.62
-144970.427   232.838   -28.21   18.00
-144684.632   225.367   -26.15   20.06
-144398.860   218.549   -23.86   20.97
-144113.110   209.503   -31.66   19.72
-143827.381   203.140   -22.27   17.48
-143541.675   198.265   -17.07   15.42
-143255.990   193.730   -15.87   12.85
-142970.327   190.515   -11.26   10.51
-142684.687   188.629    -6.60    9.63
-142399.068   189.128     1.75   11.89
-142113.471   191.652     8.84   15.72
-141827.896   196.230    16.03   19.50
-141542.342   201.496    18.44   22.28
-141256.811   208.409    24.21   25.09
-140971.302   215.480    24.77   25.96
-140685.814   219.982    15.77   23.82
-140400.348   221.830     6.47   21.47
-140114.905   221.243    -2.05   21.18
-139829.483   217.187   -14.21   22.20
-139544.083   210.469   -23.54   21.01
-139258.704   204.232   -21.86   17.60
-138973.348   201.873    -8.27   15.27
-138688.013   205.276    11.93   20.30
-138402.700   210.454    18.15   22.96
-138117.410   215.881    19.02   23.74
-137832.140   224.912    31.66   25.01
-137546.893   235.646    37.63   30.17
-137261.668   247.140    40.30   36.44
-136976.464   254.381    25.39   42.22
-136691.282   259.565    18.18   48.43
-136406.122   262.478    10.21   52.48
-136120.984   257.954   -15.87   57.88
-135835.867   248.401   -33.51   62.53
-135550.772   234.350   -49.29   63.55
-135265.699   218.917   -54.14   61.78
-134980.648   204.742   -49.73   57.74
-134695.619   192.174   -44.10   51.00
-134410.611   180.292   -41.70   42.04
-134125.625   168.745   -40.52   29.44
-133837.207   160.404   -28.92   16.46
-133547.456   155.698   -16.24    4.86
-133257.729   154.664    -3.57    2.36
-132968.024   155.901     4.27    4.85
-132678.342   157.443     5.32    7.28
-132388.683   160.526    10.65   11.19
-132099.047   165.341    16.63   16.70
-131809.434   173.583    28.46   24.74
-131519.843   190.174    57.30   43.38
-131230.275   215.431    87.23   71.09
-130940.730   247.333   110.19   86.93
-130651.207   272.784    87.92   88.69
-130361.708   292.559    68.32   84.80
-130072.231   302.344    33.81   78.62
-129782.777   310.742    29.02   71.61
-129493.345   320.517    33.78   68.43
-129203.936   329.667    31.62   65.49
-128914.550   338.657    31.07   62.75
-128625.187   345.489    23.61   57.09
-128335.847   352.757    25.12   53.73
-128046.529   357.526    16.49   55.12
-127757.234   354.887    -9.12   59.19
-127467.961   357.611     9.42   64.38
-127178.711   358.772     4.01   66.58
-126889.484   363.776    17.30   70.80
-126600.280   376.983    45.67   73.21
-126311.098   385.728    30.24   66.23
-126021.939   391.583    20.25   59.20
-125732.803   392.754     4.05   57.37
-125443.689   395.930    10.99   58.76
-125154.598   403.611    26.57   59.86
-124865.530   411.812    28.37   59.65
-124576.484   424.269    43.10   62.03
-124287.461   437.853    47.01   66.03
-123998.460   463.128    87.47   65.32
-123709.482   482.476    66.96   66.39
-123420.527   496.027    46.90   69.89
-123131.594   502.611    22.79   68.01
-122842.684   499.127   -12.06   65.94
-122553.797   483.410   -54.41   72.18
-122264.932   471.160   -42.41   72.36
-121976.090   469.323    -6.36   69.58
-121687.270   477.952    29.88   70.36
-121398.473   489.464    39.87   71.20
-121109.698   502.413    44.85   70.21
-120820.946   511.139    30.22   65.08
-120532.217   511.600     1.60   64.53
-120243.510   489.239   -77.46   81.68
-119954.826   467.528   -75.21   81.19
-119666.164   439.405   -97.43   66.58
-119377.525   413.061   -91.28   53.71
-119088.908   390.992   -76.47   50.64
-118800.314   374.890   -55.80   53.76
-118511.743   363.025   -41.12   57.26
-118223.193   349.622   -46.45   59.11
-117934.667   328.405   -73.54   51.38
-117646.163   311.205   -59.62   43.33
-117357.681   305.094   -21.19   43.10
-117069.222   302.948    -7.44   44.94
-116780.786   300.450    -8.66   47.37
-116492.371   300.687     0.82   54.55
-116203.980   301.373     2.38   61.25
-115915.611   307.385    20.85   68.19
-115627.264   313.885    22.54   75.80
-115338.940   308.873   -17.38   74.75
-115050.638   298.117   -37.31   74.15
-114762.359   289.662   -29.33   68.18
-114474.102   287.150    -8.71   60.82
-114185.868   294.446    25.32   59.16
-113897.656   304.560    35.09   62.56
-113609.466   314.910    35.92   62.95
-113321.299   321.289    22.14   59.60
-113033.154   326.210    17.08   55.36
-112745.032   320.885   -18.49   52.34
-112456.932   309.164   -40.69   50.07
-112168.855   291.922   -59.86   42.97
-111880.799   272.427   -67.68   38.79
-111592.767   256.844   -54.11   36.78
-111304.757   248.640   -28.49   33.72
-111016.769   245.937    -9.39   32.00
-110728.803   250.140    14.60   38.71
-110440.860   264.036    48.26   48.91
-110152.939   279.385    53.31   50.48
-109865.041   295.512    56.02   43.49
-109577.165   306.753    39.05   32.28
-109289.311   311.396    16.13   28.65
-109001.479   311.222    -0.61   32.09
-108713.670   304.646   -22.85   34.97
-108425.884   298.712   -20.62   39.38
-108138.119   298.375    -1.17   46.12
-107850.377   298.617     0.84   52.60
-107562.657   302.926    14.98   56.06
-107274.960   310.917    27.78   56.54
-106987.285   317.220    21.92   54.05
-106699.632   314.680    -8.83   52.04
-106412.001   304.219   -36.37   48.09
-106124.393   291.025   -45.88   42.72
-105836.807   276.435   -50.74   40.02
-105549.243   265.639   -37.55   35.83
-105261.702   257.094   -29.72   31.74
-104974.183   249.783   -25.43   30.94
-104686.686   242.802   -24.28   31.84
-104399.211   234.883   -27.55   33.89
-104111.759   224.283   -36.88   35.18
-103824.329   211.128   -45.77   33.98
-103536.921   199.358   -40.95   29.55
-103249.535   189.439   -34.52   25.65
-102962.172   180.683   -30.47   22.40
-102674.830   173.919   -23.54   19.73
-102387.511   167.897   -20.96   18.61
-102100.215   162.398   -19.14   18.93
-101812.940   157.867   -15.77   17.33
-101525.688   154.903   -10.32   15.29
-101238.458   154.263    -2.23   15.47
-100951.250   153.813    -1.56   15.28
-100664.064   152.809    -3.50   15.41
-100376.900   152.544    -0.92   16.37
-100089.759   151.986    -1.94   16.70
 -99802.639   149.894    -7.29   16.41
 -99515.542   145.776   -14.35   14.92
 -99228.467   139.919   -20.40   10.73
 -98941.414   135.959   -13.79    9.94
 -98654.384   133.476    -8.65   10.56
 -98367.375   130.757    -9.47   11.00
 -98080.389   127.386   -11.75   10.50
 -97793.425   124.263   -10.89    9.91
 -97506.482   122.083    -7.60   10.34
 -97219.562   120.083    -6.97   10.48
 -96932.665   118.644    -5.02   11.04
 -96645.789   116.682    -6.84   10.58
 -96358.935   114.303    -8.29   10.22
 -96072.104   111.930    -8.28    9.84
 -95785.294   109.817    -7.37    9.85
 -95498.507   106.844   -10.37    9.15
 -95211.741   104.150    -9.39    8.82
 -94924.998   101.195   -10.31    7.93
 -94638.277    99.060    -7.45    6.90
 -94351.578    97.666    -4.86    6.29
 -94064.901    97.413    -0.88    6.86
 -93778.246    97.776     1.27    8.58
 -93491.613    98.828     3.67   10.08
 -93205.002    99.205     1.32   11.23
 -92918.413    98.809    -1.38   11.91
 -92631.846    97.325    -5.18   11.91
 -92345.302    95.439    -6.58   11.55
 -92058.779    93.050    -8.34   10.68
 -91772.278    90.266    -9.72    9.12
 -91485.800    88.049    -7.74    7.83
 -91199.343    86.017    -7.09    6.81
 -90912.908    84.439    -5.51    6.19
 -90626.495    82.577    -6.50    5.05
 -90340.105    81.049    -5.34    4.14
 -90053.736    79.730    -4.61    3.15
 -89767.389    78.628    -3.85    2.00
 -89481.065    78.386    -0.84    2.06
 -89194.762    78.353    -0.12    2.24
 -88908.481    78.161    -0.67    2.44
 -88622.222    77.831    -1.15    2.44
 -88335.985    77.617    -0.75    2.46
 -88049.770    77.237    -1.33    2.27
 -87763.577    77.171    -0.23    2.08
 -87477.406    77.375     0.71    2.18
 -87191.257    77.496     0.42    2.43
 -86905.130    77.324    -0.60    2.70
 -86619.025    77.565     0.84    2.76
 -86332.941    77.826     0.91    2.67
 -86046.880    77.634    -0.67    2.58
 -85760.840    77.542    -0.32    2.59
 -85474.823    77.305    -0.83    2.49
 -85188.827    77.428     0.43    2.34
 -84902.853    77.173    -0.89    2.22
 -84616.901    76.690    -1.69    1.89
 -84330.971    76.555    -0.47    1.71
 -84045.063    76.381    -0.61    1.63
 -83759.176    76.347    -0.12    1.73
 -83473.312    76.646     1.05    1.78
 -83187.469    77.024     1.32    2.00
 -82901.649    77.582     1.95    2.03
 -82615.850    77.919     1.18    2.12
 -82330.073    78.312     1.38    2.01
 -82044.317    78.753     1.54    1.89
 -81758.584    79.195     1.55    1.70
 -81472.872    79.383     0.66    1.59
 -81187.183    79.617     0.82    1.66
 -80901.515    79.901     1.00    1.89
 -80615.869    80.370     1.64    2.18
 -80330.244    81.094     2.53    2.61
 -80044.642    82.047     3.34    3.26
 -79759.061    83.201     4.04    3.67
 -79473.502    84.486     4.50    4.05
 -79187.965    85.326     2.94    4.16
 -78902.450    85.826     1.75    4.04
 -78616.956    86.012     0.65    3.79
 -78331.485    85.899    -0.40    3.76
 -78046.035    85.926     0.10    3.55
 -77760.606    86.386     1.61    3.27
 -77475.200    87.240     2.99    3.78
 -77189.815    88.577     4.68    4.63
 -76904.452    90.478     6.66    5.54
 -76619.111    92.640     7.58    5.90
 -76333.791    94.733     7.34    6.02
 -76048.493    96.069     4.68    5.86
 -75763.217    96.582     1.80    6.11
 -75477.963    95.594    -3.47    5.88
 -75192.730    93.989    -5.63    5.74
 -74907.519    91.943    -7.18    5.73
 -74622.330    89.645    -8.06    5.74
 -74337.163    87.195    -8.59    5.56
 -74052.017    84.723    -8.67    4.86
 -73766.893    82.588    -7.49    3.95
 -73481.790    80.664    -6.75    3.43
 -73196.709    79.129    -5.38    3.42
 -72911.650    77.896    -4.32    3.98
 -72626.613    76.748    -4.03    4.43
 -72341.597    75.467    -4.50    4.88
 -72056.603    74.164    -4.57    5.25
 -71766.905    73.257    -3.13    5.51
 -71477.160    72.408    -2.93    5.49
 -71187.437    71.657    -2.59    5.63
 -70897.737    71.344    -1.08    5.73
 -70608.060    70.969    -1.29    5.90
 -70318.406    70.821    -0.51    6.09
 -70028.774    70.443    -1.31    6.02
 -69739.164    69.646    -2.75    5.94
 -69449.578    68.431    -4.19    5.87
 -69160.014    66.919    -5.22    5.97
 -68870.473    65.694    -4.23    5.54
 -68580.954    64.629    -3.68    5.32
 -68291.458    63.605    -3.54    5.08
 -68001.985    62.408    -4.14    5.00
 -67712.534    61.301    -3.82    4.56
 -67423.106    61.027    -0.95    4.22
 -67133.701    61.705     2.35    4.22
 -66844.318    62.443     2.55    4.58
 -66554.958    63.317     3.02    4.74
 -66265.620    64.161     2.92    4.51
 -65976.305    64.839     2.34    3.64
 -65687.013    64.350    -1.69    3.59
 -65397.743    62.894    -5.03    4.46
 -65108.496    61.183    -5.92    4.59
 -64819.271    59.853    -4.60    4.00
 -64530.069    59.721    -0.46    4.24
 -64240.889    60.761     3.60    5.68
 -63951.732    63.347     8.94    7.13
 -63662.598    66.589    11.21    7.17
 -63373.486    69.532    10.18    5.73
 -63084.397    71.083     5.36    4.12
 -62795.330    71.218     0.47    3.68
 -62506.285    70.321    -3.10    4.29
 -62217.264    68.105    -7.67    5.32
 -61928.264    65.383    -9.42    5.45
 -61639.288    62.544    -9.83    5.20
 -61350.334    59.730    -9.74    5.00
 -61061.402    57.338    -8.28    4.90
 -60772.493    55.222    -7.33    4.50
 -60483.606    53.519    -5.89    4.34
 -60194.742    52.025    -5.17    4.31
 -59905.900    50.922    -3.82    4.14
 -59617.081    50.594    -1.13    4.47
 -59328.284    50.577    -0.06    4.79
 -59039.509    50.836     0.89    5.14
 -58750.758    51.185     1.21    5.88
 -58462.028    51.853     2.31    6.77
 -58173.321    52.524     2.33    8.75
 -57884.637    52.675     0.52   11.18
 -57595.975    51.792    -3.06   11.87
 -57307.335    50.282    -5.23   11.65
 -57018.718    47.594    -9.32    7.58
 -56730.123    45.315    -7.90    4.61
 -56441.550    43.841    -5.11    3.25
 -56153.000    42.745    -3.80    2.50
 -55864.473    42.002    -2.58    2.04
 -55575.968    41.265    -2.56    1.78
 -55287.485    40.799    -1.62    1.56
 -54999.024    40.499    -1.04    1.45
 -54710.586    39.992    -1.76    1.26
 -54422.171    39.536    -1.58    1.05
 -54133.777    39.266    -0.93    1.14
 -53845.407    39.152    -0.40    1.12
 -53557.058    39.117    -0.12    1.18
 -53268.732    39.014    -0.36    1.28
 -52980.428    38.910    -0.36    1.22
 -52692.146    38.826    -0.29    1.22
 -52403.887    38.735    -0.32    1.18
 -52115.650    38.690    -0.16    1.09
 -51827.436    38.661    -0.10    1.17
 -51539.244    38.588    -0.25    1.14
 -51251.074    38.680     0.32    1.13
 -50962.926    38.685     0.02    1.10
 -50674.801    38.855     0.59    1.24
 -50386.698    38.946     0.32    1.25
 -50098.617    38.780    -0.58    1.30
 -49810.559    38.443    -1.17    1.77
 -49522.523    38.228    -0.75    2.03
 -49234.509    38.083    -0.50    2.15
 -48946.518    37.861    -0.77    2.28
 -48658.548    37.600    -0.91    2.25
 -48370.601    37.583    -0.06    2.43
 -48082.677    38.039     1.58    2.53
 -47794.774    38.992     3.31    2.38
 -47506.894    39.890     3.12    2.16
 -47219.036    40.715     2.87    1.65
 -46931.200    41.324     2.12    1.47
 -46643.387    41.890     1.97    1.39
 -46355.595    42.461     1.99    1.40
 -46067.826    42.750     1.00    1.15
 -45780.079    42.667    -0.29    1.33
 -45492.355    42.335    -1.15    1.80
 -45204.652    42.024    -1.08    2.14
 -44916.972    41.675    -1.21    2.71
 -44629.314    41.617    -0.20    3.27
 -44341.678    42.059     1.54    3.91
 -44054.064    43.220     4.04    4.61
 -43766.473    45.047     6.35    5.17
 -43478.904    46.979     6.72    5.34
 -43191.356    48.836     6.46    5.28
 -42903.831    50.892     7.15    5.39
 -42616.329    53.651     9.60    5.72
 -42328.848    56.617    10.32    6.24
 -42041.389    60.012    11.81    6.43
 -41753.953    63.466    12.02    6.74
 -41466.538    67.071    12.54    7.23
 -41179.146    70.838    13.11    7.38
 -40891.776    74.332    12.16    7.53
 -40604.428    77.808    12.10    7.62
 -40317.103    81.501    12.85    7.73
 -40029.799    85.280    13.15    7.74
 -39742.517    89.675    15.30    7.94
 -39455.258    93.830    14.46    8.48
 -39168.020    98.531    16.37    9.75
 -38880.805   104.669    21.37   13.11
 -38593.612   111.219    22.81   15.64
 -38306.440   118.140    24.10   17.11
 -38019.291   124.094    20.74   17.22
 -37732.164   129.419    18.55   15.98
 -37445.059   132.059     9.19   14.99
 -37157.976   133.803     6.08   14.68
 -36870.915   134.894     3.80   15.76
 -36583.877   134.325    -1.98   16.65
 -36296.860   133.395    -3.24   16.01
 -36009.865   134.235     2.93   15.53
 -35722.892   136.588     8.20   16.01
 -35435.942   141.255    16.26   17.75
 -35149.013   146.622    18.71   18.03
 -34862.106   153.138    22.71   16.82
 -34575.221   158.594    19.02   15.52
 -34288.359   163.914    18.55   14.97
 -34001.518   170.207    21.94   18.10
 -33714.699   178.772    29.86   28.14
 -33427.903   192.739    48.70   38.56
 -33141.128   207.723    52.25   48.03
 -32854.375   220.105    43.18   53.17
 -32567.644   226.372    21.86   56.76
 -32280.935   229.611    11.30   61.46
 -31994.249   229.549    -0.22   63.99
 -31707.584   228.261    -4.49   64.63
 -31420.941   227.417    -2.95   62.65
 -31134.320   227.757     1.19   59.44
 -30847.720   233.341    19.49   63.76
 -30561.143   243.308    34.78   73.03
 -30274.588   259.881    57.84   83.09
 -29988.055   281.184    74.35   91.43
 -29701.543   296.083    52.00   93.30
 -29415.054   305.521    32.95   95.47
 -29128.586   311.386    20.47   95.15
 -28842.140   320.061    30.28   90.25
 -28555.717   326.161    21.30   88.00
 -28269.315   333.252    24.76   90.59
 -27982.935   339.813    22.91   91.14
 -27696.577   348.183    29.23   84.35
 -27410.240   352.864    16.35   78.82
 -27123.926   350.161    -9.44   76.28
 -26837.633   340.499   -33.75   78.96
 -26551.363   334.094   -22.37   79.83
 -26265.114   327.982   -21.35   78.26
 -25978.887   324.333   -12.75   73.70
 -25692.682   317.784   -22.88   76.11
 -25406.498   311.899   -20.56   77.12
 -25120.337   309.876    -7.07   75.07
 -24834.197   304.401   -19.13   71.77
 -24548.079   291.072   -46.59   70.01
 -24261.983   273.195   -62.49   67.75
 -23975.909   258.982   -49.69   66.07
 -23689.857   243.255   -54.98   69.91
 -23403.826   220.358   -80.05   71.46
 -23117.817   190.012  -106.10   67.89
 -22831.830   165.512   -85.67   67.46
 -22545.865   139.978   -89.30   61.75
 -22259.921   116.519   -82.04   51.05
 -21974.000    96.347   -70.55   37.96
 -21688.100    79.708   -58.20   28.30
 -21402.222    65.994   -47.97   22.61
 -21116.365    55.577   -36.44   19.01
 -20830.531    47.912   -26.82   16.48
 -20544.718    41.355   -22.94   12.13
 -20258.927    36.487   -17.03    8.29
 -19973.157    33.487   -10.50    5.89
 -19687.409    31.338    -7.52    4.48
 -19401.684    30.326    -3.54    4.23
 -19115.979    29.652    -2.36    3.93
 -18830.297    29.176    -1.67    4.09
 -18544.636    28.862    -1.10    4.47
 -18258.997    28.520    -1.20    4.57
 -17973.379    28.094    -1.49    4.85
 -17687.784    27.966    -0.45    5.06
 -17402.210    27.885    -0.29    5.11
 -17116.657    27.873    -0.04    5.10
 -16831.127    27.675    -0.69    4.91
 -16545.618    27.370    -1.07    4.87
 -16260.130    27.253    -0.41    4.52
 -15974.665    27.174    -0.28    4.20
 -15689.221    27.220     0.16    3.85
 -15403.798    27.370     0.52    3.69
 -15118.398    27.266    -0.36    3.55
 -14833.019    27.419     0.54    3.21
 -14547.661    26.943    -1.67    3.17
 -14262.326    26.443    -1.75    3.24
 -13977.011    25.803    -2.24    3.12
 -13691.719    25.153    -2.28    2.50
 -13406.448    24.415    -2.59    2.04
 -13121.199    23.808    -2.13    1.74
 -12835.971    23.187    -2.18    1.63
 -12550.765    22.605    -2.04    1.77
 -12265.580    21.991    -2.16    1.90
 -11980.418    21.280    -2.49    1.77
 -11695.276    20.664    -2.16    1.93
 -11410.157    20.024    -2.24    2.00
 -11125.058    19.287    -2.58    1.78
 -10839.982    18.657    -2.21    1.78
 -10554.927    18.082    -2.02    1.80
 -10269.893    17.559    -1.84    1.79
  -9983.651    17.373    -0.65    1.80
  -9693.891    16.954    -1.44    2.03
  -9404.154    16.687    -0.92    1.91
  -9114.440    16.753     0.23    1.94
  -8824.748    16.947     0.67    2.13
  -8535.079    17.679     2.53    5.32
  -8245.432    18.282     2.08    6.07
  -7955.808    18.547     0.92    6.51
  -7666.206    18.818     0.94    5.93
  -7376.627    19.072     0.88    3.40
  -7087.071    20.364     4.46    4.33
  -6797.537    23.219     9.86    6.42
  -6508.026    28.185    17.15   10.65
  -6218.537    38.308    34.97   23.62
  -5929.070    56.768    63.78   47.01
  -5639.626    75.105    63.35   54.09
  -5350.205    87.016    41.15   51.91
  -5060.806    93.645    22.91   49.44
  -4771.430    94.855     4.18   50.68
  -4482.076    84.394   -36.15   53.62
  -4192.745    70.589   -47.72   56.25
  -3903.436    51.061   -67.50   48.40
  -3614.149    33.821   -59.59   37.63
  -3324.885    20.908   -44.64   27.27
  -3035.644    12.024   -30.71   17.43
  -2746.425     7.268   -16.44    9.86
  -2457.228     5.210    -7.12    1.63
  -2168.054     5.117    -0.32    1.24
  -1878.902     5.024    -0.32    1.50
  -1589.773     4.675    -1.21    2.04
  -1300.666     3.577    -3.80    2.80
  -1011.581     2.795    -2.70    3.12
   -722.519     2.037    -2.62    3.16
   -433.480     0.966    -3.71    2.83
   -144.463     0.129    -2.90    2.24
    144.532    -0.348    -1.65    1.68
    433.505     0.187     1.85    2.42
    722.455     1.117     3.22    3.13
   1011.382     2.722     5.55    5.72
   1300.288     6.329    12.49   10.59
   1589.170    10.532    14.55   15.02
   1878.031    13.727    11.06   15.11
   2166.869    17.882    14.38   15.41
   2455.685    20.850    10.28   14.77
   2744.478    24.850    13.85   15.25
   3033.249    30.330    18.98   16.01
   3321.998    36.667    21.95   17.62
   3610.725    44.839    28.30   21.42
   3899.429    57.378    43.43   32.18
   4188.110    71.526    49.01   41.78
   4476.770    91.173    68.06   54.17
   4765.407   112.768    74.82   64.80
   5054.022   134.487    75.25   71.29
   5342.614   154.420    69.07   73.94
   5631.185   170.982    57.39   73.98
   5919.733   185.855    51.55   71.16
   6208.258   186.004     0.52   71.16
   6496.762   175.881   -35.09   68.81
   6785.243   168.993   -23.88   63.62
   7073.701   169.390     1.37   67.93
   7362.138   183.242    48.03   79.75
   7650.552   199.023    54.72   90.29
   7938.944   218.350    67.01   94.28
   8227.314   250.071   110.00   93.69
   8515.662   283.588   116.24   87.84
   8803.987   301.462    61.99   74.55
   9092.290   302.559     3.81   71.48
   9380.571   283.745   -65.26   81.38
   9668.830   254.187  -102.54   90.36
   9957.066   215.901  -132.83   93.17
  10245.280   173.512  -147.07   74.44
  10533.472   143.646  -103.63   52.60
  10821.642   128.431   -52.80   41.78
  11109.790   123.419   -17.39   42.92
  11397.915   126.629    11.14   53.39
  11686.018   132.896    21.75   61.56
  11974.099   134.811     6.65   57.22
  12262.158   136.376     5.43   54.13
  12550.195   134.629    -6.06   49.75
  12838.209   127.636   -24.28   44.68
  13126.202   116.435   -38.89   42.73
  13414.172   101.093   -53.27   39.76
  13702.120    85.796   -53.12   38.49
  13990.046    71.140   -50.90   32.56
  14277.950    58.634   -43.44   23.21
  14565.831    49.439   -31.94   16.81
  14853.691    42.162   -25.28   10.91
  15141.528    37.117   -17.53    6.21
  15429.344    33.946   -11.01    4.44
  15717.137    31.795    -7.47    3.52
  16004.908    30.243    -5.39    3.08
  16292.657    28.864    -4.79    2.73
  16580.384    27.583    -4.45    2.25
  16868.089    26.515    -3.71    2.00
  17155.771    25.532    -3.41    1.83
  17443.432    24.656    -3.05    1.97
  17731.071    23.830    -2.87    1.82
  18018.687    23.026    -2.79    1.63
  18306.282    22.285    -2.58    1.58
  18593.854    21.746    -1.88    1.53
  18881.404    21.330    -1.45    1.43
  19168.933    20.844    -1.69    1.34
  19456.439    20.476    -1.28    1.35
  19743.923    20.162    -1.09    1.38
  20031.385    19.667    -1.72    1.45
  20318.826    19.229    -1.52    1.50
  20606.244    18.870    -1.25    1.46
  20893.640    18.431    -1.52    1.24
  21181.014    18.172    -0.90    1.15
  21468.366    18.004    -0.58    1.17
  21755.696    17.810    -0.68    1.10
  22043.004    17.735    -0.26    1.13
  22330.291    17.600    -0.47    1.08
  22617.555    17.450    -0.52    1.12
  22904.797    17.280    -0.59    1.22
  23192.017    17.315     0.12    1.21
  23479.215    17.326     0.04    1.15
  23766.392    17.222    -0.36    1.13
  24053.546    17.176    -0.16    1.08
  24340.678    17.047    -0.45    1.16
  24627.789    16.879    -0.58    1.08
  24914.877    16.796    -0.29    1.09
  25201.944    16.725    -0.25    1.13
  25488.989    16.594    -0.46    1.17
  25776.011    16.594     0.00    1.25
  26063.012    16.529    -0.22    1.29
  26349.991    16.408    -0.42    1.39
  26636.948    16.292    -0.41    1.36
  26923.883    16.140    -0.53    1.39
  27210.796    15.861    -0.97    1.41
  27497.688    15.617    -0.85    1.43
  27784.557    15.393    -0.78    1.26
  28071.404    15.128    -0.92    1.27
  28358.230    14.887    -0.84    1.20
  28645.034    14.696    -0.66    1.08
  28931.816    14.634    -0.22    1.10
  29218.576    14.532    -0.35    1.13
  29505.314    14.431    -0.35    1.16
  29792.030    14.319    -0.39    1.15
  30078.725    14.229    -0.31    1.19
  30365.398    14.174    -0.19    1.13
  30652.048    14.072    -0.36    1.16
  30938.677    13.903    -0.59    1.14
  31225.284    13.901    -0.01    1.08
  31511.870    13.753    -0.52    1.07
  31798.433    13.802     0.17    1.07
  32084.975    13.678    -0.43    1.08
  32371.495    13.712     0.12    1.06
  32657.993    13.669    -0.15    1.14
  32944.469    13.634    -0.12    1.16
  33230.924    13.680     0.16    1.26
  33517.357    13.656    -0.08    1.28
  33803.768    13.622    -0.12    1.29
  34090.157    13.622     0.00    1.37
  34376.524    13.443    -0.63    1.36
  34662.870    13.476     0.12    1.38
  34949.194    13.485     0.03    1.37
  35235.496    13.289    -0.68    1.32
  35521.777    13.404     0.40    1.32
  35808.035    13.355    -0.17    1.25
  36094.272    13.435     0.28    1.23
  36380.488    13.476     0.14    1.16
  36666.681    13.454    -0.08    1.17
  36952.853    13.450    -0.01    1.05
  37239.003    13.571     0.42    1.08
  37525.131    13.571     0.00    1.19
  37811.238    13.588     0.06    1.21
  38097.323    13.629     0.14    1.25
  38383.386    13.475    -0.54    1.25
  38669.428    13.383    -0.32    1.20
  38955.448    13.250    -0.46    1.09
  39241.446    13.165    -0.30    1.02
  39527.422    13.164    -0.00    1.08
  39813.377    13.233     0.24    1.14
  40099.310    13.233     0.00    1.19
  40385.222    13.082    -0.53    1.18
  40671.112    12.931    -0.53    1.18
  40956.980    12.738    -0.68    1.16
  41242.827    12.536    -0.71    1.10
  41528.652    12.443    -0.33    1.08
  41814.455    12.292    -0.53    1.08
  42100.237    12.361     0.24    1.01
  42385.997    12.361     0.00    1.01
  42671.735    12.280    -0.28    1.03
  42957.452    12.175    -0.37    1.05
  43243.148    12.188     0.04    1.03
  43528.821    12.294     0.37    1.05
  43814.473    12.305     0.04    1.01
  44100.104    12.235    -0.25    1.06
  44385.713    12.286     0.18    1.08
  44671.300    12.467     0.63    1.14
  44956.866    12.672     0.72    1.22
  45242.410    12.828     0.55    1.29
  45527.932    13.130     1.05    1.51
  45813.433    13.358     0.80    1.60
  46098.913    13.563     0.72    1.64
  46384.371    13.470    -0.33    1.76
  46669.807    13.187    -0.99    1.83
  46955.222    12.617    -2.00    1.96
  47240.615    12.036    -2.03    1.68
  47525.987    11.519    -1.81    1.47
  47811.338    11.209    -1.09    1.30
  48096.666    11.117    -0.32    1.29
  48381.974    11.364     0.87    1.47
  48667.259    11.667     1.06    1.54
  48952.523    12.105     1.54    1.57
  49237.766    12.476     1.30    1.55
  49522.987    12.821     1.21    1.33
  49808.187    12.958     0.48    1.24
  50093.365    13.060     0.36    1.35
  50378.522    13.071     0.04    1.22
  50663.658    13.105     0.12    1.23
  50948.771    12.914    -0.67    1.19
  51233.864    12.926     0.04    1.22
  51518.935    13.072     0.51    1.30
  51803.984    13.173     0.35    1.44
  52091.558    13.151    -0.08    1.34
  52381.314    13.004    -0.51    1.29
  52671.048    12.971    -0.12    1.04
  52960.760    13.026     0.19    0.97
  53250.449    12.980    -0.16    0.88
  53540.116    12.959    -0.07    0.82
  53829.760    12.914    -0.16    0.93
  54119.382    12.870    -0.16    1.00
  54408.982    12.708    -0.56    1.02
  54698.559    12.611    -0.33    1.02
  54988.113    12.381    -0.79    0.97
  55277.646    12.140    -0.83    0.99
  55567.156    12.012    -0.44    0.95
  55856.643    11.885    -0.44    0.96
  56146.108    11.753    -0.46    1.00
  56435.551    11.729    -0.08    1.06
  56724.971    11.664    -0.23    1.09
  57014.369    11.780     0.40    1.08
  57303.745    11.757    -0.08    1.10
  57593.098    11.733    -0.08    1.07
  57882.429    11.710    -0.08    1.02
  58171.737    11.745     0.12    1.00
  58461.023    11.722    -0.08    1.06
  58750.287    11.605    -0.40    0.99
  59039.529    11.605     0.00    0.99
  59328.748    11.582    -0.08    0.98
  59617.945    11.512    -0.24    1.01
  59907.119    11.508    -0.02    1.03
  60196.271    11.508     0.00    0.95
  60485.401    11.537     0.10    0.97
  60774.509    11.571     0.12    1.01
  61063.594    11.510    -0.21    1.01
  61352.657    11.549     0.13    1.02
  61641.698    11.554     0.02    1.10
  61930.716    11.634     0.28    1.15
  62219.712    11.674     0.14    1.17
  62508.686    11.645    -0.10    1.08
  62797.638    11.656     0.04    1.13
  63086.567    11.577    -0.27    1.08
  63375.474    11.589     0.04    1.03
  63664.359    11.515    -0.26    1.01
  63953.222    11.571     0.20    1.02
  64242.062    11.646     0.26    1.01
  64530.880    11.675     0.10    1.13
  64819.676    11.780     0.36    1.16
  65108.450    11.919     0.48    1.16
  65397.201    11.885    -0.12    1.15
  65685.931    12.001     0.40    1.16
  65974.638    11.978    -0.08    1.15
  66263.322    12.012     0.12    1.12
  66551.985    11.908    -0.36    1.07
  66840.626    11.640    -0.93    1.18
  67129.244    11.361    -0.97    1.29
  67417.840    10.978    -1.33    1.51
  67706.414    10.664    -1.09    1.53
  67994.966    10.391    -0.94    1.56
  68283.495    10.024    -1.27    1.71
  68572.003     9.823    -0.70    1.75
  68860.488     9.564    -0.90    1.67
  69148.951     9.245    -1.11    1.52
  69437.392     9.059    -0.64    1.46
  69725.811     8.855    -0.71    1.28
  70014.208     8.787    -0.24    1.20
  70302.582     8.768    -0.07    1.20
  70590.935     8.662    -0.37    1.12
  70879.265     8.799     0.47    1.13
  71167.573     8.931     0.46    1.16
  71455.859     9.059     0.44    1.19
  71744.124     9.175     0.40    1.22
  72032.366     9.198     0.08    1.23
  72320.585     9.208     0.03    1.22
  72608.783     9.289     0.28    1.24
  72896.959     9.209    -0.28    1.25
  73185.113     9.117    -0.32    1.30
  73473.244     8.903    -0.74    1.41
  73761.354     8.841    -0.22    1.33
  74049.441     8.674    -0.58    1.19
  74337.506     8.685     0.04    1.26
  74625.550     8.772     0.30    1.29
  74913.571     9.082     1.08    1.42
  75201.570     9.245     0.57    1.40
  75489.548     9.326     0.28    1.35
  75777.503     9.350     0.08    1.31
  76065.436     9.280    -0.24    1.26
  76353.347     9.105    -0.61    1.11
  76641.236     8.954    -0.53    0.96
  76929.104     9.024     0.24    1.07
  77216.949     9.315     1.01    1.43
  77504.772     9.594     0.97    1.56
  77792.573     9.720     0.44    1.58
  78080.352     9.740     0.07    1.53
  78368.110     9.748     0.03    1.44
  78655.845     9.713    -0.12    1.40
  78943.558     9.570    -0.50    1.18
  79231.250     9.355    -0.74    1.10
  79518.919     9.347    -0.03    1.09
  79806.566     9.439     0.32    1.14
  80094.192     9.496     0.20    1.15
  80381.795     9.299    -0.69    1.11
  80669.377     9.310     0.04    1.02
  80956.937     9.278    -0.11    1.06
  81244.475     9.175    -0.36    1.06
  81531.990     9.186     0.04    1.07
  81819.484     9.140    -0.16    1.05
  82106.956     9.292     0.53    1.17
  82394.406     9.370     0.27    1.15
  82681.835     9.473     0.36    1.14
  82969.241     9.646     0.60    1.11
  83256.625     9.876     0.80    1.03
  83543.988    10.230     1.23    1.40
  83831.329    10.810     2.02    1.83
  84118.647    11.319     1.77    2.02
  84405.944    11.870     1.92    2.06
  84693.219    12.381     1.78    2.01
  84980.473    12.662     0.98    1.82
  85267.704    12.870     0.72    1.74
  85554.914    12.800    -0.25    1.64
  85842.101    12.640    -0.55    1.45
  86129.267    12.687     0.16    1.38
  86416.411    12.815     0.45    1.51
  86703.533    13.071     0.89    1.70
  86990.634    13.641     1.99    1.97
  87277.712    14.629     3.44    2.48
  87564.769    15.329     2.44    2.21
  87851.804    15.986     2.29    2.16
  88138.817    16.599     2.14    2.10
  88425.808    16.997     1.39    1.89
  88712.778    17.202     0.71    1.83
  88999.726    17.288     0.30    1.75
  89286.652    17.423     0.47    1.73
  89573.556    17.435     0.04    1.60
  89860.438    17.475     0.14    1.43
  90147.299    17.736     0.91    1.69
  90434.138    17.653    -0.29    2.00
  90720.955    16.764    -3.10    2.97
  91007.751    15.652    -3.88    3.88
  91294.524    14.419    -4.30    4.20
  91581.276    13.025    -4.86    4.19
  91868.007    11.577    -5.05    3.47
  92154.715    10.375    -4.19    2.24
  92441.402     9.640    -2.56    1.17
  92728.067     9.524    -0.41    1.11
  93014.710     9.501    -0.08    1.15
  93301.332     9.496    -0.02    1.17
  93587.932     9.577     0.28    1.10
  93874.510     9.555    -0.08    1.11
  94161.067     9.600     0.16    1.11
  94447.602     9.730     0.46    1.10
  94734.115     9.901     0.59    1.28
  95020.607    10.347     1.56    1.61
  95307.076    10.531     0.64    1.72
  95593.525    10.531     0.00    1.75
  95879.951    10.358    -0.60    1.52
  96166.356    10.049    -1.08    1.47
  96452.739     9.746    -1.06    1.58
  96739.101     9.364    -1.33    1.66
  97025.441     8.969    -1.38    1.63
  97311.759     8.443    -1.84    1.62
  97598.056     8.036    -1.42    1.72
  97884.331     7.698    -1.18    1.85
  98170.584     7.350    -1.22    1.90
  98456.816     7.233    -0.41    2.10
  98743.027     6.943    -1.02    2.14
  99029.215     6.722    -0.77    2.06
  99315.382     6.564    -0.55    2.02
  99601.528     6.294    -0.95    2.03
  99887.652     5.816    -1.67    1.89
 100173.754     5.379    -1.53    1.48
 100459.835     4.986    -1.37    1.38
 100745.894     4.820    -0.58    1.32
 101031.931     4.558    -0.92    1.32
 101317.947     4.491    -0.23    1.32
 101603.942     4.455    -0.13    1.24
 101889.915     4.467     0.04    1.22
 102175.866     4.593     0.44    1.29
 102461.796     4.532    -0.21    1.31
 102747.704     4.447    -0.30    1.26
 103033.591     4.337    -0.38    1.42
 103319.456     4.238    -0.35    1.43
 103605.300     3.986    -0.88    1.52
 103891.122     3.988     0.00    1.61
 104176.923     3.705    -0.99    1.56
 104462.702     3.576    -0.45    1.59
 104748.459     3.450    -0.44    1.48
 105034.196     3.312    -0.48    1.38
 105319.910     3.265    -0.17    1.30
 105605.604     3.289     0.09    1.18
 105891.275     3.255    -0.12    1.12
 106176.926     3.385     0.45    1.11
 106462.554     3.508     0.43    1.09
 106748.162     3.726     0.76    1.04
 107033.747     4.059     1.17    1.28
 107319.312     4.398     1.18    1.46
 107604.855     4.802     1.42    1.57
 107890.376     5.330     1.85    1.66
 108175.876     6.274     3.31    2.35
 108461.355     7.870     5.59    4.34
 108746.812    10.353     8.70    7.11
 109032.248    13.510    11.06    9.38
 109317.662    17.611    14.37   11.51
 109603.055    23.128    19.33   13.44
 109888.427    29.036    20.70   14.23
 110173.777    35.496    22.64   14.49
 110459.106    40.577    17.80   12.73
 110744.413    42.542     6.89   11.13
 111029.699    40.933    -5.64   11.74
 111314.964    37.899   -10.64   13.02
 111600.207    33.784   -14.42   13.47
 111885.429    28.799   -17.48   12.27
 112170.629    23.605   -18.21    7.52
 112455.808    20.761    -9.97    3.53
 112740.966    20.082    -2.38    1.82
 113026.103    20.186     0.36    1.75
 113311.218    21.303     3.92    3.21
 113596.311    22.988     5.91    4.60
 113881.384    25.576     9.08    5.93
 114170.324    28.272     9.33    6.31
 114460.070    30.660     8.24    6.23
 114749.793    32.395     5.99    5.93
 115039.494    32.891     1.71    5.96
 115329.172    32.816    -0.26    5.91
 115618.829    32.696    -0.42    5.62
 115908.463    33.190     1.71    5.81
 116198.074    34.910     5.94    7.34
 116487.664    37.740     9.77    9.21
 116777.231    42.010    14.75   10.55
 117066.776    47.308    18.29   12.25
 117356.298    53.105    20.02   14.60
 117645.799    59.910    23.50   18.89
 117935.277    69.577    33.39   28.17
 118224.733    83.151    46.89   40.19
 118514.166   100.946    61.48   54.07
 118803.577   116.338    53.18   63.44
 119092.967   123.151    23.54   66.03
 119382.333   123.037    -0.39   63.34
 119671.678   116.358   -23.08   55.60
 119961.000   109.554   -23.52   47.44
 120250.301   101.664   -27.27   35.49
 120539.579    96.270   -18.64   23.73
 120828.834    97.385     3.85   23.74
 121118.068   101.498    14.22   26.54
 121407.279   107.694    21.42   28.74
 121696.468   115.943    28.52   33.78
 121985.635   120.529    15.86   32.82
 122274.780   127.564    24.33   33.26
 122563.903   135.867    28.72   31.88
 122853.003   139.153    11.36   30.49
 123142.082   138.071    -3.74   30.87
 123431.138   133.059   -17.34   31.72
 123720.172   125.768   -25.22   32.71
 124009.184   113.882   -41.12   30.80
 124298.173   101.280   -43.60   25.04
 124587.141    89.761   -39.86   17.50
 124876.086    82.025   -26.77   16.07
 125165.010    74.726   -25.26   14.86
 125453.911    69.232   -19.02   13.25
 125742.790    66.617    -9.05   11.51
 126031.647    67.038     1.46   12.58
 126320.482    70.128    10.70   16.39
 126609.295    77.038    23.92   24.04
 126898.085    85.836    30.46   27.65
 127186.854    96.674    37.53   28.76
 127475.600   107.623    37.92   30.37
 127764.325   115.807    28.34   29.87
 128053.027   119.549    12.96   28.11
 128341.707   118.780    -2.66   28.49
 128630.366   114.757   -13.94   30.25
 128919.002   106.536   -28.48   32.53
 129207.616    95.376   -38.66   32.03
 129496.208    81.376   -48.51   23.45
 129784.778    70.647   -37.18   17.97
 130073.326    64.164   -22.46   14.80
 130361.852    60.329   -13.29   12.61
 130650.356    58.070    -7.83   11.13
 130938.838    57.141    -3.22   10.80
 131227.298    57.478     1.17   11.98
 131515.736    57.408    -0.24   13.29
 131804.151    56.931    -1.65   13.21
 132092.545    56.815    -0.40   13.55
 132380.917    57.443     2.18   13.05
 132669.267    59.198     6.09   14.75
 132957.595    60.082     3.07   15.92
 133245.901    59.910    -0.60   17.73
 133534.185    56.867   -10.56   17.21
 133822.447    54.266    -9.02   15.70
 134110.687    51.768    -8.67   14.04
 134398.905    50.687    -3.75   13.52
 134687.101    51.315     2.18   14.52
 134975.275    54.600    11.40   17.05
 135263.428    61.200    22.90   20.88
 135551.558    71.469    35.64   28.09
 135839.666    80.657    31.89   32.35
 136127.753    87.289    23.02   34.67
 136415.817    92.338    17.52   36.92
 136703.860    97.988    19.61   38.82
 136991.881   103.748    20.00   42.25
 137279.879   107.582    13.31   43.28
 137567.856   113.605    20.92   45.14
 137855.811   116.215     9.06   48.47
 138143.744   116.044    -0.59   51.58
 138431.656   112.322   -12.93   53.89
 138719.545   102.082   -35.57   52.42
 139007.412    88.855   -45.94   43.63
 139295.258    78.141   -37.22   33.58
 139583.082    70.260   -27.38   21.73
 139870.884    64.696   -19.33   13.88
 140158.664    60.923   -13.11   11.59
 140446.422    57.154   -13.09   12.54
 140734.158    53.386   -13.09   14.94
 141021.873    49.260   -14.34   16.76
 141309.566    44.998   -14.81   16.55
 141597.236    39.927   -17.63   14.11
 141884.885    36.012   -13.61   12.70
 142172.513    33.186    -9.83   11.23
 142460.118    31.163    -7.03   10.30
 142747.702    29.404    -6.11    8.88
 143035.264    27.703    -5.92    7.75
 143322.804    26.588    -3.88    7.15
 143610.322    25.035    -5.40    6.78
 143897.818    23.058    -6.87    6.25
 144185.293    21.376    -5.85    5.64
 144472.746    19.905    -5.12    4.63
 144760.177    19.208    -2.43    3.88
 145047.586    19.358     0.52    4.63
 145334.974    20.501     3.97    5.99
 145622.340    22.292     6.23    7.56
 145909.684    24.617     8.09    9.63
 146197.006    26.861     7.81   10.54
 146484.307    29.270     8.38   11.98
 146771.586    31.223     6.80   13.15
 147058.843    32.423     4.18   12.93
 147346.078    33.903     5.15   11.90
 147633.292    33.439    -1.62   10.74
 147920.484    30.482   -10.29   11.87
 148207.654    27.544   -10.23   13.16
 148494.803    24.759    -9.70   14.07
 148781.930    21.453   -11.51   14.43
 149069.035    16.705   -16.53   11.31
 149356.119    12.667   -14.07    6.94
 149643.180    10.310    -8.21    3.18
