#   11.375  -9.286  21.779 ;Mean Elev.(m), Avg Gradient(m/km), RMS Gradient(m/km) - SRTM1     
#    8.696  -9.832  22.101 ;Mean Elev.(m), Avg Gradient(m/km), RMS Gradient(m/km) - ASTER GDEM
#    5.234 -18.787  29.708 ;Mean Elev.(m), Avg Gradient(m/km), RMS Gradient(m/km) - GMTED2010 
   1 138.153122  50.894930    11.522    11.745  4 54664.33269810 13.369
   2 138.159455  50.889747    66.657    66.657  2 54674.24834426  0.920
   3 138.155171  50.894513    10.540    10.592  5 54684.16398644 24.288
   4 138.155533  50.896570    63.027    62.410  5 54694.07962820  5.617
   5 138.156607  50.897312     9.824     9.726  6 54703.99526779 37.323
   6 138.154741  50.895064    70.573    75.828  5 54713.91091857 10.566
   7 138.152329  50.892187     8.725     8.651  4 54723.82656955 46.717
   8 138.150191  50.889696    57.922    57.809  4 54733.74221809 27.551
   9 138.149485  50.889127    10.436    10.736  4 54743.65786491 46.311
  10 138.148944  50.890318    11.878    11.897  4 54753.57351101 21.901
  11 138.149953  50.889945    11.233    11.269  4 54763.48915688 22.530
  12 138.150005  50.888757     9.665     9.847  4 54773.40480022 45.309
  13 138.147980  50.889304    61.981    57.230  4 54783.32044039 16.815
  14 138.150307  50.888582     9.877    10.038  4 54793.23607911 17.217
  15 138.151580  50.891738    11.515    11.526  4 54803.15171624 14.953
  16 138.153797  50.894307    12.142    11.798  5 54813.06735337 11.056
  17 138.154244  50.894943    10.012    10.070  5 54822.98299680 10.678
  18 138.153207  50.892590     9.852     9.817  5 54832.89863762 17.972
  19 138.151410  50.891226    11.801    11.298  5 54842.81428796 13.698
  20 138.151619  50.890277     9.842     9.863  5 54852.72993717 13.708
  21 138.152019  50.890965    10.780    10.248  5 54862.64558569  6.890
  22 138.152263  50.891300    11.582    10.397  5 54872.56123409  8.438
  24 138.149730  50.889243    12.733    12.801  5 54892.39252366  5.873
  25 138.146976  50.888258    17.262    11.330  4 54902.30816393  8.874
  26 138.146430  50.888335     9.741     9.768  4 54912.22380289 11.532
  28 138.150859  50.890993     6.958     6.979  5 54932.05507852 26.389
  29 138.151876  50.892930    42.302    35.099  5 54941.97071417 11.717
  30 138.153652  50.892408    15.526    15.840  5 54951.88634853 50.332
  31 138.152018  50.891448    12.055    12.037  4 54961.80199076 40.378
  32 138.151707  50.890214    11.945    11.825  5 54971.71763960 40.457
  33 138.151662  50.891691    10.436    10.443  4 54981.63328674 38.262
  34 138.152634  50.893132    10.537    10.531  5 54991.54893360 25.302
  35 138.152616  50.893055    10.864    10.822  5 55001.46458011 24.558
  36 138.152566  50.891752    11.075    11.000  5 55011.38022507 24.913
  37 138.152312  50.890788    12.791    12.800  5 55021.29586853 23.617
  38 138.152533  50.891503    13.756    13.725  4 55031.21151083 22.315
  39 138.152722  50.893630    14.226    14.146  5 55041.12715230 22.363
  40 138.154891  50.895043    15.386    15.517  5 55051.04279269 40.774
  41 138.155717  50.895097    15.222    15.195  5 55060.95843104 21.911
  42 138.154612  50.892597    14.834    14.761  5 55070.87407337 51.667
  43 138.149973  50.890663    14.952    14.957  4 55080.78972236 27.824
  44 138.147803  50.889434    15.470    15.438  4 55090.70536954 47.315
  45 138.148271  50.889531    15.051    15.072  4 55100.62101580 45.053
  46 138.150177  50.890134    14.116    14.120  5 55110.53666158 50.901
  47 138.151703  50.889816    12.776    12.807  4 55120.45230568 38.220
  48 138.150005  50.889694    11.833    11.805  4 55130.36794679 30.124
  49 138.149803  50.887502     9.893     9.889  4 55140.28358649 42.523
  50 138.148118  50.889370    10.394    10.363  4 55150.19922459 36.301
  51 138.151440  50.891041     9.939     9.964  5 55160.11486322 19.588
  52 138.154491  50.893782    10.173    10.214  6 55170.03050131 15.838
  53 138.155044  50.896565    10.639    10.292  5 55179.94613792 12.582
  54 138.154866  50.893959    10.254    10.255  6 55189.86178582 12.796
  55 138.153020  50.891635     9.936     9.908  5 55199.77743663 20.334
  56 138.151174  50.891600    10.151    10.189  5 55209.69308616 11.987
  57 138.151639  50.892067    10.651    10.705  5 55219.60873524  9.698
  58 138.151191  50.892201    10.847    10.865  5 55229.52438331  8.411
  59 138.151821  50.890221    10.400    10.371  5 55239.44002868  9.239
  60 138.149398  50.888959    11.653    11.041  5 55249.35567005  7.870
  61 138.148465  50.886882    11.463    11.377  4 55259.27130951  6.854
  62 138.147696  50.887682    22.941    14.368  5 55269.18694789  6.218
  63 138.149861  50.888900    15.726    14.582  4 55279.10258638  6.532
  64 138.152026  50.891052    81.890    81.703  4 55289.01822347  1.921
  65 138.150625  50.895484   102.315   102.315  2 55298.93385743  0.325
  66 138.152386  50.891992     9.678     9.699  4 55308.84950211 34.472
  67 138.150939  50.889514    13.315    13.300  4 55318.76514855 29.496
  68 138.148927  50.889719    14.376    13.336  4 55328.68079327 29.770
  69 138.150894  50.890116    14.128    14.002  4 55338.59643770 25.632
  70 138.153134  50.891662    15.942    14.366  5 55348.51208154 21.855
  71 138.152808  50.894039    14.796    14.867  5 55358.42772314 37.785
  72 138.154589  50.892445    12.791    12.795  5 55368.34336355 23.592
  73 138.152620  50.893728    11.589    11.590  5 55378.25900175 27.222
  74 138.154514  50.893432    11.305    11.284  6 55388.17463991 48.491
  75 138.155183  50.895624    11.184    11.072  6 55398.09027668 24.936
  76 138.155851  50.895927    11.879    11.511  5 55408.00592134 24.350
  77 138.153906  50.893956    13.168    13.152  6 55417.92157259 24.539
  78 138.151730  50.890709    14.821    14.870  4 55427.83722056 46.303
  79 138.149783  50.888728    15.168    15.214  4 55437.75286551 21.259
  80 138.149274  50.888481    15.303    15.298  4 55447.66850879 25.301
  81 138.149906  50.889513    14.471    14.360  5 55457.58415156 35.054
  82 138.151367  50.890475    13.951    13.664  5 55467.49979368 22.348
  83 138.151821  50.891508    11.027    11.014  5 55477.41543246 40.979
  84 138.151614  50.892199    14.174    14.003  5 55487.33106813 22.861
  85 138.152387  50.891846    11.740    11.665  5 55497.24670196 23.228
  86 138.153545  50.892237     8.909     8.836  5 55507.16233893 38.245
  87 138.153790  50.891748     7.838     7.819  5 55517.07798965 35.994
  88 138.154076  50.892653     9.806     9.743  5 55526.99363926 35.496
  89 138.152730  50.893817    10.758    10.160  5 55536.90928667 14.793
  90 138.153179  50.892310    11.547    10.290  5 55546.82493244 10.521
  91 138.152116  50.891782    12.520    12.894  4 55556.74057598 10.728
  92 138.152031  50.891817     9.938     9.893  5 55566.65621852 10.705
  93 138.152804  50.892330    10.064    10.114  4 55576.57186029 10.972
  94 138.153068  50.892560    10.142    10.085  4 55586.48750014 12.375
  95 138.152466  50.892980     9.990     9.890  5 55596.40313670 12.056
  96 138.152373  50.892876     9.836     9.786  5 55606.31877043 12.747
  97 138.152867  50.893610    12.904    12.817  5 55616.23440216  8.553
  98 138.153877  50.893478    13.994    14.562  6 55626.15004484  8.182
  99 138.154197  50.892064    14.213    14.911  5 55636.06569733  7.381
 100 138.152240  50.892469    12.656    14.383  5 55645.98134724 10.269
 101 138.152019  50.890667     9.510     9.636  5 55655.89699489 20.595
 102 138.150381  50.890606     9.690     9.713  5 55665.81263756 30.702
 103 138.151147  50.889884    12.706    12.669  5 55675.72827746 40.644
 104 138.151483  50.891649    13.884    14.065  4 55685.64391498 50.163
 105 138.153396  50.893628    79.265    80.799  5 55695.55955140 13.918
 106 138.156244  50.895391    11.177    11.239  5 55705.47518663 34.637
 107 138.155958  50.895107    11.314    11.339  5 55715.39083470 37.760
 108 138.154367  50.894180    12.076    12.100  5 55725.30648346 24.245
 109 138.152681  50.894054    12.876    12.969  5 55735.22213030 26.152
 110 138.154046  50.892474    13.198    13.130  5 55745.13777649 22.848
 111 138.154046  50.892099    12.519    12.584  5 55755.05342074 24.448
 112 138.151972  50.893044    12.271    12.275  5 55764.96906225 40.202
 113 138.152448  50.891306    11.108    11.098  4 55774.88470160 25.264
 114 138.150996  50.891670    10.867    10.862  5 55784.80033718 28.039
 115 138.152504  50.892678    12.169    12.205  5 55794.71597056 30.713
 116 138.154417  50.894295    12.955    12.858  5 55804.63160815 24.222
 117 138.154616  50.894233    12.682    12.473  5 55814.54725735 26.248
 118 138.154873  50.892697    12.023    12.015  5 55824.46290452 35.879
 119 138.153073  50.892458    11.195    11.293  4 55834.37854666 26.036
 120 138.152564  50.892327    11.219    11.204  5 55844.29418515 22.847
 121 138.153859  50.893526    11.943    11.851  6 55854.20982078 23.488
 122 138.155096  50.895604    11.865    11.622  6 55864.12545882 24.302
 123 138.156933  50.893104    83.470    78.710  3 55874.04111315  2.586
 124 138.154675  50.894453     8.143     8.112  5 55883.95676113 46.397
 125 138.154842  50.894124     9.299     9.623  6 55893.87240341 25.956
 126 138.155061  50.895155     8.642     8.280  5 55903.78803993 24.331
 127 138.155854  50.895765     9.214     9.668  5 55913.70367856 22.717
 128 138.154522  50.894282     9.913     9.816  5 55923.61933266 21.246
 129 138.152606  50.893945     9.793     9.750  5 55933.53498341 18.660
 130 138.151870  50.891716     9.533     9.604  4 55943.45063012 16.753
 131 138.150148  50.890033     9.312     9.296  4 55953.36627237 13.337
 132 138.150387  50.888484     9.816     9.716  4 55963.28191180 13.195
 133 138.150992  50.889798     9.623     9.697  4 55973.19754910 11.198
 134 138.152392  50.893481     9.926    10.049  5 55983.11318496 10.486
 135 138.155623  50.895612    10.313    10.192  6 55993.02881939  9.514
 136 138.154073  50.894516     9.929     9.958  5 56002.94446877 10.104
 137 138.151484  50.891474    10.899     9.965  5 56012.86011871  9.604
 138 138.149737  50.889616    13.062    13.670  4 56022.77576499  9.033
 139 138.150230  50.889892     7.396     7.396  4 56032.69140830 41.964
 140 138.152723  50.891886    10.705    10.703  4 56042.60704928 34.752
 141 138.155297  50.893747    53.336    59.592  5 56052.52268770 11.090
 142 138.155235  50.896379    12.035    12.009  6 56062.43832272 39.177
 143 138.155439  50.895664    11.636    11.622  5 56072.35396295 36.181
 144 138.156384  50.891293    72.894    74.527  3 56082.26961399  0.942
 145 138.154186  50.891932     9.440     9.498  5 56092.18526149 39.901
 146 138.152899  50.893943    10.356    10.337  5 56102.10090663 23.943
 147 138.154560  50.892698    10.526    10.600  5 56112.01653831 24.132
 148 138.152498  50.893437    10.597    10.536  5 56121.93217732 23.544
 149 138.151811  50.892789    10.443    10.310  5 56131.84781287 39.259
 150 138.151734  50.892487    10.634    10.644  5 56141.76344881 48.294
 151 138.151501  50.891345    12.553    12.590  4 56151.67909973 25.702
 152 138.152279  50.892274    12.568    12.510  5 56161.59474855 24.987
 153 138.154292  50.892211    11.065    11.085  5 56171.51039579 40.337
 154 138.152939  50.892898    11.809    11.865  5 56181.42603816 36.227
 155 138.152432  50.891287    12.911    12.837  5 56191.34167721 23.679
 156 138.151807  50.890840    13.553    13.480  4 56201.25731341 34.931
 157 138.152992  50.893397    14.118    14.143  5 56211.17294726 22.446
 158 138.160596  50.893631    13.159    13.159  2 56221.08858031 28.615
 159 138.156258  50.898178    67.113    68.750  6 56231.00423138  3.366
 160 138.155016  50.896898    11.704    11.605  5 56240.91988457 43.697
 161 138.154534  50.893656    10.672    10.726  5 56250.83553405 46.451
 162 138.152569  50.892869    11.257    11.323  5 56260.75117814 28.095
 163 138.154223  50.891836    10.286    10.184  5 56270.66682011 19.501
 164 138.154840  50.893107    10.365    10.285  5 56280.58245978 18.789
 165 138.152711  50.893387    10.635    10.627  5 56290.49811152 14.933
 166 138.151311  50.891527    10.875    10.847  5 56300.41375954 13.707
 167 138.149731  50.889346    10.899    10.894  4 56310.32940355 13.458
 168 138.148385  50.888773    10.825    10.786  4 56320.24504518 10.552
 169 138.149008  50.889974    11.687    10.738  4 56330.16068608 10.241
 170 138.151385  50.892148    10.555    10.544  5 56340.07632639  9.451
 171 138.154971  50.893476    12.773    13.270  5 56349.99196479  8.886
 172 138.155123  50.894401    14.212    14.237  6 56359.90760193  7.785
 173 138.151980  50.891564    10.872    10.262  4 56369.82325246 11.985
 176 138.152814  50.891779     9.985     9.917  5 56399.57018816 19.033
 177 138.154980  50.894048    11.702    11.698  6 56409.48582849 41.664
 178 138.155561  50.895842    67.672    67.078  6 56419.40146419 19.227
 179 138.156069  50.895889    23.175    15.859  5 56429.31709889 21.424
 180 138.153064  50.893242    15.350    15.359  5 56439.23275252 44.178
 181 138.151738  50.891622    15.774    15.706  5 56449.14840375 28.490
 182 138.151327  50.891686    15.433    15.466  5 56459.06405266 24.855
 183 138.152022  50.890425    16.276    16.252  4 56468.97969861 20.025
 184 138.151381  50.890170    14.490    14.510  4 56478.89534027 43.377
 185 138.150486  50.890298    13.537    13.406  5 56488.81097786 24.632
 186 138.150810  50.891387    13.903    13.966  5 56498.72661274 21.848
 187 138.152466  50.893698    14.598    14.509  5 56508.64224616 42.961
 188 138.154890  50.895391    15.418    15.423  6 56518.55788540 42.115
 189 138.155329  50.893979    17.320    17.322  6 56528.47353942 25.356
 190 138.154672  50.892881    18.788    18.735  5 56538.38918910 30.134
 191 138.152068  50.892087    19.890    19.882  4 56548.30483453 32.142
 192 138.151856  50.890384    19.201    19.087  5 56558.22047795 28.742
 193 138.151635  50.891570    17.673    17.734  5 56568.13612014 23.117
 194 138.154361  50.893159    16.325    16.338  5 56578.05176129 23.989
 195 138.156362  50.896170    15.232    15.227  5 56587.96739853 23.941
 196 138.156568  50.896942    13.264    13.186  5 56597.88304066 32.124
 197 138.154900  50.893760    11.552    11.474  6 56607.79869258 47.884
 198 138.152972  50.892372    10.565    10.506  5 56617.71433912 49.378
 199 138.152209  50.892506    10.223    10.210  5 56627.62998205 44.710
 200 138.153245  50.892988    10.067    10.080  5 56637.54562220 19.461
 201 138.154284  50.892792    10.255    10.210  5 56647.46126437 19.086
 202 138.152508  50.890634    10.765    10.775  5 56657.37691636 15.380
 203 138.149461  50.890195    11.140    11.098  4 56667.29256371 14.637
 204 138.150003  50.889367    11.231    11.244  4 56677.20820906 14.161
 205 138.150405  50.890673    11.105    11.079  5 56687.12385297 13.126
 206 138.152377  50.891522    10.748    10.775  4 56697.03949509 12.198
 207 138.153318  50.893352    10.417    10.452  5 56706.95513236 11.889
 208 138.153752  50.894379    10.392    10.366  5 56716.87076739 12.229
 209 138.151925  50.891629     9.889     9.859  4 56726.78642093 17.346
 210 138.150306  50.891005     9.822     9.795  4 56736.70206999 12.829
 211 138.151256  50.891381    10.145    10.061  5 56746.61771554 19.850
 212 138.153696  50.892642    10.287    10.285  5 56756.53335667 26.609
 213 138.155020  50.895404    13.095    13.183  6 56766.44899165 33.724
 214 138.154883  50.895367    14.759    14.614  5 56776.36463313 23.968
 215 138.152342  50.892628    11.553    11.597  5 56786.28028975 25.532
 216 138.150949  50.889997    12.172    12.081  5 56796.19594297 48.979
 217 138.149542  50.889537    13.252    11.845  4 56806.11159134 26.104
 218 138.149480  50.890153    14.665    14.316  4 56816.02723318 20.874
 219 138.150249  50.890101    30.653    24.335  4 56825.94287173  8.525
 220 138.151008  50.890558    11.751    11.697  4 56835.85850663 51.279
 221 138.152753  50.892162    11.370    11.378  4 56845.77413809 36.403
 222 138.152643  50.892315    11.164    11.033  5 56855.68978553 23.966
 223 138.151535  50.892688    13.131    13.038  5 56865.60543864 34.326
 224 138.151593  50.891414    14.364    14.316  5 56875.52109112 41.351
 225 138.150524  50.890631    14.036    14.039  4 56885.43674029 45.995
 226 138.149090  50.890089    12.825    12.772  4 56895.35238649 22.836
 227 138.149804  50.888986    11.633    11.632  4 56905.26802997 24.847
 228 138.149796  50.890245    10.238    10.241  4 56915.18367099 34.279
 229 138.152346  50.891540    11.119    11.127  5 56925.09931052 24.177
 230 138.154496  50.893830    11.295    11.457  5 56935.01494695 23.592
 231 138.156207  50.896278     9.633     9.476  5 56944.93057805 41.748
 232 138.154594  50.894571    67.175    66.611  5 56954.84622825  2.343
 233 138.157258  50.888640    10.142    10.142  2 56964.76187924 23.711
 234 138.152317  50.891737     8.307     8.328  4 56974.67752327 44.333
 235 138.152449  50.893303     9.249     9.000  5 56984.59316351 28.764
 236 138.154438  50.894294     9.688     9.834  6 56994.50879884 18.580
 237 138.154485  50.894150     9.415     9.321  6 57004.42443821 18.965
 238 138.151169  50.891276     9.427     9.440  4 57014.34009404 12.717
 239 138.149198  50.890176     9.679     9.722  4 57024.25574499 13.320
 240 138.150293  50.890518    11.312    11.157  5 57034.17139376 12.498
 241 138.152282  50.891580     9.859     9.829  5 57044.08704013 11.557
 242 138.151867  50.893358     9.899     9.915  5 57054.00268351  9.958
 243 138.151752  50.893192    10.322    10.526  5 57063.91832258  9.595
 244 138.154045  50.891704     9.799     9.879  5 57073.83395708 15.408
 247 138.151393  50.897382   106.836   106.836  2 57103.58089333  0.393
 248 138.154974  50.893610     9.981    10.043  5 57113.49654701 20.811
 249 138.152452  50.893838     9.758     9.727  5 57123.41219337 20.501
 250 138.152904  50.891345    11.991    11.965  5 57133.32783513 37.678
 251 138.152754  50.891939    16.686    16.669  4 57143.24347179 40.704
 252 138.154785  50.893498    42.844    45.967  5 57153.15910579 18.346
 253 138.155232  50.897024    59.495    59.662  5 57163.07473928  8.867
 254 138.155015  50.893922    14.265    14.154  5 57172.99039707 46.878
 255 138.151987  50.892015    13.191    13.187  4 57182.90605126 23.614
 256 138.150226  50.889288    12.759    12.765  4 57192.82170177 26.227
 257 138.149569  50.888280    12.411    12.403  4 57202.73734939 27.742
 258 138.150542  50.889485    12.327    12.335  4 57212.65298316 44.488
 259 138.151830  50.892374    12.795    12.772  5 57222.56862633 48.622
 260 138.154792  50.892297    13.032    13.138  5 57232.48426858 50.628
 261 138.153663  50.893265    11.907    11.926  6 57242.39990757 25.401
 262 138.153225  50.892977    11.424    11.398  4 57252.31554436 24.253
 264 138.156922  50.896486    11.869    11.631  6 57272.14681406 24.641
 265 138.156113  50.897204    11.612    11.546  6 57282.06247143 26.146
 266 138.154947  50.896736    10.683    10.584  5 57291.97812655 33.123
 267 138.153415  50.894021    11.226    11.081  5 57301.89377876 49.631
 268 138.151653  50.890887    11.154    11.111  4 57311.80942719 27.320
 269 138.149861  50.889505    10.197    10.231  4 57321.72507191 27.766
 270 138.150731  50.889508    10.263    10.293  4 57331.64071421 22.958
 271 138.152150  50.891688     9.764     9.776  5 57341.55635405 40.851
 272 138.151556  50.891068     9.662     9.638  5 57351.47200516 34.847
 273 138.150823  50.890129     8.883     8.602  5 57361.38764970 25.622
 274 138.149975  50.888804     9.269     9.151  4 57371.30329117 21.936
 275 138.150793  50.888628     9.497     9.411  4 57381.21893073 20.293
 276 138.151855  50.891897     9.740     9.705  4 57391.13456910 20.400
 277 138.154756  50.895314     9.049     9.075  6 57401.05020672 20.595
 278 138.156822  50.896402     9.166     8.913  6 57410.96584778 17.249
 279 138.155136  50.893889     8.686     8.714  5 57420.88150044 17.572
 280 138.153220  50.891151     9.732     9.801  5 57430.79715042 14.269
 281 138.151762  50.890718     8.615     8.877  5 57440.71279792 14.414
 282 138.152822  50.891901     8.849     9.098  5 57450.62844434 14.047
 283 138.153920  50.893711    12.002    11.913  5 57460.54408909 12.155
 284 138.154590  50.895245    10.577    10.061  5 57470.45973051 15.792
 285 138.155004  50.894884     7.802     7.762  5 57480.37536822 42.869
 286 138.154191  50.894456    30.838    24.205  5 57490.29100287 20.577
 287 138.154631  50.895050    13.550    13.560  5 57500.20663558 31.899
 288 138.154353  50.895345    11.840    11.893  5 57510.12228115 26.411
 289 138.154116  50.893583    11.579    11.586  5 57520.03793739 48.642
 290 138.152222  50.893695    13.408    13.229  5 57529.95359049 36.947
 291 138.151971  50.891362    13.443    13.449  4 57539.86924090 37.767
 292 138.150304  50.889910    14.635    14.324  5 57549.78488817 24.894
 293 138.149148  50.889524    14.389    13.346  4 57559.70053379 25.627
 294 138.149709  50.890629    13.671    13.687  4 57569.61617858 23.460
 295 138.151964  50.891880    13.462    13.346  5 57579.53182308 27.343
 296 138.153552  50.893178    14.533    14.563  6 57589.44746589 38.235
 297 138.153845  50.893222    14.881    14.912  5 57599.36310612 43.361
