#   19.474  -0.072   0.655 ;Mean Elev.(m), Avg Gradient(m/km), RMS Gradient(m/km) - SRTM1     
#   14.700   0.375   2.830 ;Mean Elev.(m), Avg Gradient(m/km), RMS Gradient(m/km) - ASTER GDEM
#   17.466  -0.036   0.706 ;Mean Elev.(m), Avg Gradient(m/km), RMS Gradient(m/km) - GMTED2010 
   1 136.839397  49.602149    18.576    18.576  2 54661.36617440 47.385
   2 136.849508  49.591204    20.287    20.767  8 54671.28182246 30.752
   3 136.848762  49.591948    20.794    21.176  8 54681.19746607 22.633
   4 136.849561  49.593672    20.320    20.057  8 54691.11310858 40.361
   5 136.851280  49.595284    19.929    19.927  9 54701.02874894 48.208
   6 136.850318  49.594881    19.084    19.051  8 54710.94439566 54.966
   7 136.848921  49.591373    17.352    18.872  8 54720.86004749 42.781
   8 136.845056  49.589222    19.542    19.534  8 54730.77569613 47.035
   9 136.838492  49.591952    19.714    19.704  8 54740.69134191 46.822
  10 136.843598  49.587050    19.691    19.738  7 54750.60698995 47.243
  11 136.843791  49.587568    19.905    20.411  8 54760.52263639 28.404
  12 136.838766  49.592581    19.575    19.861  8 54770.43827918 41.247
  13 136.843703  49.588549    18.632    18.667  7 54780.35392124 48.452
  14 136.843750  49.588776    17.374    17.399  7 54790.26955967 39.063
  15 136.844448  49.589754    17.947    17.934  7 54800.18519712 32.499
  16 136.846090  49.591361    17.898    17.952  7 54810.10083476 23.143
  17 136.848874  49.592710    17.811    17.851  7 54820.01647398 23.263
  18 136.846804  49.593622    17.961    17.993  7 54829.93212617 21.219
  19 136.847427  49.590767    18.076    18.098  6 54839.84776572 22.132
  20 136.845948  49.589485    18.066    18.095  9 54849.76341495 19.588
  21 136.845717  49.588784    17.708    17.734  9 54859.67906360 16.371
  22 136.844557  49.589976    17.700    17.777  7 54869.59471187 15.216
  23 136.845369  49.588925    17.791    17.787  9 54879.51035958 13.868
  24 136.839689  49.592702    17.974    18.000  8 54889.42600270 13.309
  25 136.838193  49.591191    18.095    18.095  8 54899.34164401 13.334
  26 136.841781  49.586438    19.492    19.695  8 54909.25728418  9.450
  27 136.843207  49.586431    19.979    20.525  7 54919.17292219  7.965
  28 136.842229  49.590380    19.007    19.239  9 54929.08855912 33.192
  29 136.847871  49.588145    19.490    19.237  8 54939.00419690 40.255
  30 136.847187  49.590579    21.223    21.096  9 54948.91983162 53.830
  31 136.847318  49.591075    20.978    20.657  6 54958.83546891 36.451
  32 136.846650  49.590118    21.085    20.987  9 54968.75111760 54.236
  33 136.846226  49.590597    20.749    20.621  9 54978.66676477 29.100
  34 136.847117  49.590154    20.062    20.005  9 54988.58241209 51.948
  35 136.845720  49.591202    19.844    19.792  7 54998.49805902 46.185
  36 136.845662  49.590938    20.897    21.032  7 55008.41370452 23.381
  37 136.846642  49.590176    21.996    21.938  9 55018.32934837 37.979
  38 136.846260  49.591277    22.513    22.522  9 55028.24499050 37.248
  39 136.847530  49.591502    23.338    23.379  6 55038.16063252 55.061
  40 136.848622  49.592648    23.926    23.856  8 55048.07627331 37.604
  41 136.849201  49.593250    23.504    23.444  8 55057.99191219 32.425
  42 136.849203  49.592074    22.756    22.712  7 55067.90755057 34.465
  43 136.844994  49.590557    23.317    23.353  7 55077.82320069 46.630
  44 136.844418  49.587515    23.452    23.465  8 55087.73884887 35.339
  45 136.843714  49.587528    23.055    23.007  8 55097.65449479 38.318
  46 136.842215  49.590108    22.244    22.208  9 55107.57013966 35.160
  47 136.844997  49.588052    21.901    21.913  9 55117.48578499 42.917
  48 136.843800  49.587832    21.131    21.165  8 55127.40142734 51.983
  49 136.842440  49.587665    19.924    19.847  8 55137.31706749 45.745
  50 136.843142  49.588006    19.241    19.248  7 55147.23270606 43.183
  51 136.844644  49.590585    19.717    19.682  7 55157.14834382 35.380
  52 136.849399  49.590440    19.366    19.366  7 55167.06398238 26.097
  53 136.850410  49.592383    19.999    20.033  7 55176.97961985 20.327
  54 136.849234  49.592706    19.726    19.660  8 55186.89526311 19.522
  55 136.847354  49.591062    20.306    20.539  6 55196.81091435 19.000
  56 136.846644  49.589959    19.778    19.726  9 55206.72656430 16.748
  57 136.846731  49.590379    19.476    19.343  6 55216.64221336 14.689
  58 136.846693  49.590252    19.184    19.091  6 55226.55786180 13.033
  59 136.844516  49.590039    19.286    19.317  7 55236.47350753 13.862
  60 136.843082  49.588031    18.831    18.704  8 55246.38915025 12.617
  61 136.842371  49.585500    19.040    18.888  7 55256.30479059 11.264
  62 136.842242  49.585569    18.939    18.934  7 55266.22042951 10.944
  63 136.844183  49.587228    19.200    19.242  8 55276.13606775 10.803
  64 136.844893  49.590883    21.090    21.133  7 55286.05170463 11.711
  65 136.847230  49.591531    20.051    20.210  9 55295.96734012 21.626
  66 136.847426  49.589658    20.353    20.885  7 55305.88298053 34.534
  67 136.844481  49.588112    21.635    21.604  8 55315.79862767 44.241
  68 136.843248  49.588598    21.606    21.631  8 55325.71427296 31.454
  69 136.845025  49.589757    22.621    22.581  7 55335.62991709 38.910
  70 136.847482  49.590485    23.036    22.999  9 55345.54556089 55.576
  71 136.847231  49.591510    23.139    23.122  9 55355.46120331 43.281
  72 136.846671  49.591513    21.588    21.532  8 55365.37684390 39.902
  73 136.846679  49.591459    20.875    20.851  9 55375.29248308 51.377
  74 136.846931  49.593378    21.271    21.155  7 55385.20812099 27.112
  75 136.850088  49.593683    20.748    20.758  7 55395.12375868 52.287
  76 136.851303  49.595210    21.681    21.787  9 55405.03939815 24.764
  77 136.849660  49.592783    22.496    22.481  7 55414.95505006 54.783
  78 136.848247  49.588260    23.108    23.132  8 55424.87069923 39.855
  79 136.838684  49.591984    23.548    23.568  8 55434.78634347 41.610
  80 136.843463  49.586272    23.700    23.650  8 55444.70198908 36.695
  81 136.844553  49.587112    22.868    22.867  9 55454.61763201 35.506
  82 136.845878  49.589383    21.462    21.355  9 55464.53327390 39.801
  83 136.847333  49.590027    20.370    20.052  8 55474.44891344 49.142
  84 136.845726  49.590863    19.720    19.428  7 55484.36454974 32.615
  85 136.844599  49.590477    20.282    20.962  7 55494.28018430 26.977
  86 136.847388  49.590078    20.400    21.022  9 55504.19581831 27.692
  87 136.847293  49.591511    18.525    18.398  9 55514.11146718 46.534
  88 136.849476  49.591672    18.231    18.156  8 55524.02711718 44.408
  89 136.848034  49.592701    18.846    18.851  8 55533.94276495 21.220
  90 136.847409  49.590650    18.929    18.986  6 55543.85841144 14.086
  91 136.846194  49.589319    19.199    19.250  9 55553.77405573 13.421
  92 136.845649  49.589636    19.002    18.887  9 55563.68969856 14.306
  93 136.846934  49.590849    19.000    18.985  9 55573.60534070 17.737
  94 136.847127  49.592433    19.171    19.199  8 55583.52098122 17.323
  95 136.848882  49.590779    19.223    19.202  8 55593.43661905 15.610
  96 136.846757  49.591508    19.137    19.053  8 55603.35225280 13.723
  97 136.847544  49.590757    19.592    19.769  9 55613.26788513 11.407
  98 136.848751  49.591222    19.261    19.068  8 55623.18352177 11.074
  99 136.847767  49.591252    19.434    19.517  6 55633.09917476 11.239
 100 136.847669  49.591204    19.612    19.682  9 55643.01482560  9.438
 101 136.846638  49.591101    18.800    18.769  9 55652.93047350 24.323
 102 136.845528  49.589403    19.560    19.366  9 55662.84611735 39.641
 103 136.844876  49.587896    22.264    22.285  9 55672.76175804 44.750
 104 136.844539  49.588857    21.711    21.736  8 55682.67739667 29.731
 105 136.846697  49.591545    20.424    20.425  8 55692.59303363 52.847
 106 136.850372  49.593918    20.239    20.230  8 55702.50866917 52.877
 107 136.852680  49.593594    20.488    20.471  8 55712.42431237 54.457
 108 136.849154  49.593558    20.974    21.485  7 55722.33996136 25.509
 109 136.847059  49.592275    22.019    22.062  8 55732.25560877 45.393
 110 136.846653  49.591262    22.543    22.514  9 55742.17125516 52.445
 111 136.847311  49.590726    21.490    21.413  9 55752.08690036 51.528
 112 136.847189  49.591441    21.759    21.619  9 55762.00254299 52.961
 113 136.847606  49.590801    20.989    21.266  9 55771.91818307 32.310
 114 136.846444  49.590360    19.794    19.871  9 55781.83381943 45.575
 115 136.846986  49.590284    21.209    21.189  9 55791.74945312 46.395
 116 136.848387  49.592221    21.733    21.730  7 55801.66508557 32.700
 117 136.846838  49.593450    21.201    21.210  7 55811.58073509 40.548
 118 136.848486  49.592291    21.239    20.982  8 55821.49638375 46.508
 119 136.846833  49.593709    20.650    20.110  7 55831.41202688 29.491
 120 136.848812  49.591087    19.377    19.390  8 55841.32766655 52.319
 121 136.847866  49.591560    20.759    21.471  6 55851.24330249 26.046
 122 136.849060  49.592992    19.939    20.798  7 55861.15893659 28.967
 123 136.848292  49.593013    20.218    21.192  8 55871.07458960 28.730
 124 136.849638  49.592858    18.248    18.229  8 55880.99024032 44.893
 125 136.849409  49.593752    17.915    17.927  7 55890.90588405 31.132
 126 136.850213  49.593653    18.113    18.203  7 55900.82152216 25.988
 127 136.849817  49.595630    18.269    18.247  7 55910.73715499 26.467
 128 136.847332  49.594032    18.714    18.717  7 55920.65280873 23.040
 129 136.847560  49.591476    18.661    18.734  9 55930.56846125 21.845
 130 136.846662  49.590364    19.082    18.724  9 55940.48410952 14.812
 131 136.844397  49.589912    19.016    18.739  7 55950.39975295 14.626
 132 136.844319  49.588559    19.789    20.191  8 55960.31539276 14.118
 133 136.844406  49.589229    19.510    19.943  7 55970.23103008 12.772
 134 136.845881  49.591243    18.346    18.425  7 55980.14666637 13.105
 135 136.848850  49.592479    19.153    18.825  7 55990.06230206 13.364
 136 136.849137  49.592394    19.285    19.404  7 55999.97794622 12.289
 137 136.847188  49.590635    19.049    18.979  6 56009.89359733 10.965
 138 136.844993  49.590006    19.322    19.475  7 56019.80924406  9.653
 139 136.845263  49.588716    18.633    18.422  8 56029.72488800 33.185
 140 136.844626  49.590652    19.187    19.156  7 56039.64052925 46.130
 141 136.845810  49.592601    20.034    19.941  7 56049.55616856 52.451
 142 136.849956  49.592687    21.018    20.990  7 56059.47180577 54.402
 143 136.850850  49.595141    21.725    21.857  8 56069.38744015 37.264
 144 136.849788  49.592968    19.766    19.726  8 56079.30309139 54.057
 145 136.846462  49.593305    20.319    20.121  7 56089.21873939 26.302
 146 136.847872  49.591424    19.658    19.641  6 56099.13438580 46.664
 147 136.847282  49.591585    20.304    19.837  9 56109.05001780 33.046
 148 136.847637  49.590643    20.433    20.646  9 56118.96565875 27.243
 149 136.847034  49.590831    20.282    20.078  9 56128.88129573 34.092
 150 136.847285  49.591220    20.930    21.409  6 56138.79692927 23.036
 151 136.846476  49.590629    22.405    22.377  6 56148.71257741 44.604
 152 136.846385  49.591291    21.722    21.784  9 56158.62822614 39.247
 153 136.847687  49.590801    21.167    21.466  9 56168.54387399 30.778
 154 136.846882  49.590604    21.658    21.704  9 56178.45951856 53.849
 155 136.845459  49.590599    21.761    21.824  7 56188.37515864 31.252
 156 136.846815  49.589404    22.431    22.411  9 56198.29079588 47.088
 157 136.848078  49.591611    22.356    22.301  9 56208.20642984 47.669
 158 136.848990  49.596205    21.882    21.821  8 56218.12206184 26.553
 159 136.851675  49.595596    21.751    21.724  9 56228.03770729 45.802
 160 136.852302  49.592536    21.660    21.804  8 56237.95336235 24.852
 161 136.847220  49.593767    20.260    20.126  7 56247.86901224 48.864
 162 136.848380  49.590884    19.644    19.543  8 56257.78465837 43.571
 163 136.846380  49.593171    19.856    19.867  7 56267.70029990 32.817
 164 136.849081  49.591951    19.813    19.861  8 56277.61594068 21.379
 165 136.847989  49.591501    20.148    20.143  9 56287.53158879 19.539
 166 136.847792  49.588114    20.219    20.239  8 56297.44723845 17.432
 167 136.838925  49.592223    20.067    20.072  8 56307.36288209 16.930
 168 136.843685  49.586379    19.913    19.930  8 56317.27852605 15.264
 169 136.841920  49.589933    19.710    19.697  9 56327.19416647 14.751
 170 136.846634  49.589973    19.518    19.520  9 56337.10980719 14.816
 171 136.849692  49.590990    19.441    19.438  7 56347.02544601 14.205
 172 136.849265  49.592459    19.415    19.297  8 56356.94108187 13.511
 173 136.845544  49.590895    19.375    19.399  7 56366.85673023 12.963
 176 136.846451  49.590673    20.371    20.812  9 56396.60366798 19.772
 177 136.849368  49.591511    20.844    20.688  8 56406.51930922 38.604
 178 136.849066  49.593713    22.419    22.456  7 56416.43494634 46.320
 179 136.850121  49.594170    22.412    22.515  8 56426.35057921 35.677
 180 136.848271  49.591955    23.290    23.220  7 56436.26622967 49.189
 181 136.846921  49.590217    23.853    23.802  9 56446.18188164 48.434
 182 136.846677  49.590250    23.596    23.530  6 56456.09753115 32.367
 183 136.846154  49.590077    23.628    23.588  9 56466.01317763 55.010
 184 136.845131  49.589280    22.666    22.659  8 56475.92882028 38.610
 185 136.842184  49.590123    22.079    22.057  9 56485.84445888 41.924
 186 136.844261  49.588700    22.728    22.742  7 56495.76009535 42.145
 187 136.846272  49.591241    23.060    23.033  9 56505.67572936 54.358
 188 136.849173  49.595890    23.744    23.747  8 56515.59136152 32.009
 189 136.850651  49.593952    25.369    25.385  7 56525.50701603 56.549
 190 136.849355  49.591987    26.105    26.141  8 56535.42266673 21.220
 192 136.844618  49.588905    25.966    25.913  8 56555.25395769 21.762
 193 136.847704  49.588012    25.000    24.932  8 56565.16960094 46.194
 194 136.847550  49.592762    23.995    24.009  8 56575.08524168 41.276
 195 136.850527  49.594745    23.206    23.110  8 56585.00088029 52.397
 196 136.850839  49.596782    22.127    22.144  7 56594.91651632 27.296
 197 136.849088  49.592762    21.647    21.873  7 56604.83216990 26.411
 198 136.847275  49.590339    20.026    20.055  6 56614.74781827 39.601
 199 136.846715  49.590642    19.324    19.358  6 56624.66346236 42.887
 200 136.847798  49.591276    18.548    18.601  9 56634.57910366 41.505
 201 136.849555  49.592663    19.821    19.543  8 56644.49474048 34.264
 202 136.847128  49.590671    20.043    19.870  9 56654.41039333 32.975
 203 136.844020  49.589127    20.110    20.120  7 56664.32604185 29.221
 204 136.838310  49.591788    20.284    20.068  8 56674.24168687 24.015
 205 136.844338  49.587631    20.434    20.670  8 56684.15733314 20.176
 206 136.845940  49.589860    20.308    20.579  9 56694.07297590 18.364
 207 136.848320  49.592179    20.230    20.401  8 56703.98861437 16.955
 208 136.849858  49.593138    19.753    19.529  8 56713.90424763 17.225
 209 136.846786  49.590591    19.840    19.925  9 56723.81989769 11.653
 210 136.843504  49.589060    20.071    20.182  8 56733.73554820 10.968
 211 136.845448  49.587926    19.351    19.113  9 56743.65119556 36.320
 212 136.846618  49.591323    20.216    20.024  9 56753.56683765 35.372
 213 136.850124  49.593470    21.367    21.253  7 56763.48247475 45.995
 214 136.849737  49.596478    21.480    21.521  8 56773.39810763 30.508
 215 136.848195  49.591010    21.258    21.235  8 56783.31376578 29.837
 216 136.842495  49.590529    21.390    21.826  9 56793.22941915 24.984
 217 136.838321  49.591450    20.801    20.793  8 56803.14506967 49.824
 218 136.844757  49.587263    21.222    21.096  9 56813.06071424 41.538
 219 136.845626  49.588214    21.586    21.712  9 56822.97635390 24.825
 220 136.844499  49.590560    21.212    21.407  7 56832.89198893 30.632
 221 136.846200  49.590855    20.990    20.786  9 56842.80762108 33.191
 222 136.846478  49.591094    20.817    20.595  8 56852.72326144 41.831
 223 136.846455  49.589389    22.011    22.154  9 56862.63891564 38.325
 224 136.846082  49.589552    22.810    22.781  9 56872.55456887 54.744
 225 136.845514  49.589781    22.471    22.435  8 56882.47021896 38.592
 226 136.845027  49.589187    22.005    22.084  8 56892.38586564 31.664
 227 136.844058  49.587883    20.577    20.624  8 56902.30150939 49.023
 228 136.844284  49.586956    20.149    20.197  8 56912.21715138 52.367
 229 136.844603  49.589004    20.371    20.321  7 56922.13279139 45.636
 230 136.847552  49.591445    21.049    21.346  9 56932.04842939 30.011
 231 136.852198  49.592633    20.677    21.101  8 56941.96406258 28.316
 232 136.850414  49.594527    20.790    20.832  8 56951.87970483 28.408
 233 136.848671  49.591286    18.965    18.992  8 56961.79535643 53.796
 234 136.846741  49.589822    18.750    18.775  9 56971.71100263 49.175
 235 136.845776  49.590830    17.849    17.851  7 56981.62664428 40.942
 236 136.848922  49.590699    18.632    18.601  8 56991.54228196 25.877
 237 136.847968  49.595438    18.715    18.729  8 57001.45791282 25.485
 238 136.847007  49.591345    18.699    18.711  9 57011.37357080 17.175
 239 136.843932  49.590405    18.881    18.927  8 57021.28922231 16.180
 240 136.844216  49.589041    18.777    18.733  7 57031.20487151 15.212
 241 136.845588  49.588577    18.720    18.722  9 57041.12051889 15.324
 242 136.844795  49.591047    18.683    18.669  7 57051.03616351 14.822
 243 136.846839  49.591047    18.726    18.745  6 57060.95180466 13.593
 244 136.848130  49.591783    18.511    18.529  9 57070.86744001 14.437
 245 136.849933  49.592605    18.684    18.738  7 57080.78307101 12.928
 246 136.849457  49.593865    18.804    18.902  7 57090.69871217 13.682
 247 136.849062  49.591954    20.742    20.827  8 57100.61437003  9.904
 248 136.847425  49.592606    19.054    18.865  8 57110.53002413 24.671
 249 136.848546  49.591205    19.255    19.255  8 57120.44567319 29.180
 250 136.846704  49.591514    21.395    21.265  9 57130.36131594 42.561
 251 136.847557  49.590648    22.012    22.031  9 57140.27695392 51.301
 252 136.848442  49.591902    21.953    22.046  7 57150.19258820 30.020
 253 136.849356  49.595029    22.360    22.379  7 57160.10821923 33.211
 254 136.847819  49.593901    22.258    22.252  9 57170.02387222 29.040
 255 136.845853  49.591355    21.930    21.981  7 57179.93952814 38.690
 256 136.845227  49.588169    21.821    21.716  9 57189.85518025 31.197
 257 136.844119  49.587954    21.882    21.944  8 57199.77082807 30.902
 258 136.845423  49.588040    21.690    21.865  9 57209.68646220 28.968
 259 136.847955  49.588124    21.723    21.629  8 57219.60210626 34.662
 260 136.846357  49.590957    22.084    22.089  8 57229.51774838 53.225
 261 136.847190  49.590977    21.422    21.269  9 57239.43338897 45.453
 262 136.848332  49.591048    20.900    20.891  8 57249.34902665 54.116
 263 136.849008  49.593030    21.072    21.051  7 57259.26466170 54.723
 264 136.852779  49.593570    21.463    21.672  8 57269.18029616 25.500
 265 136.851022  49.595228    21.533    21.558  8 57279.09594682 27.788
 266 136.850026  49.594023    21.306    21.644  7 57289.01160294 25.346
 267 136.847409  49.592880    20.158    20.208  8 57298.92725605 37.360
 268 136.847008  49.589625    20.066    19.984  9 57308.84290606 46.367
 269 136.845865  49.588068    20.583    21.213  9 57318.75855204 27.513
 270 136.843925  49.589326    19.412    19.430  7 57328.67419422 46.291
 271 136.844719  49.590889    18.987    18.998  7 57338.58983433 47.171
 272 136.845002  49.589807    18.344    18.353  7 57348.50548304 40.984
 273 136.845154  49.587866    18.468    18.433  9 57358.42112930 32.359
 274 136.843517  49.587574    19.690    19.789  8 57368.33677190 21.763
 275 136.843402  49.588478    19.566    19.482  7 57378.25241175 25.385
 276 136.846309  49.590315    19.959    20.029  9 57388.16805026 20.260
 277 136.849059  49.593309    19.994    19.907  7 57398.08368781 18.295
 278 136.850582  49.595717    19.597    19.427  7 57407.99932383 17.359
 279 136.848851  49.592857    19.411    19.470  8 57417.91497744 15.900
 280 136.846823  49.590428    19.305    19.176  6 57427.83062857 15.464
 281 136.845898  49.589747    19.534    19.595  9 57437.74627669 15.961
 282 136.847256  49.590559    19.494    19.571  6 57447.66192321 15.007
 283 136.847574  49.592897    19.685    19.735  8 57457.57756821 15.170
 284 136.848841  49.593132    19.813    19.866  8 57467.49321097 13.996
 285 136.848947  49.592797    19.500    19.590  8 57477.40884978 34.631
 286 136.847110  49.593460    20.146    20.215  7 57487.32448508 36.915
 287 136.849722  49.592367    21.266    21.041  8 57497.24011905 46.289
 288 136.850120  49.594775    21.220    21.630  8 57507.15575687 31.064
 289 136.849617  49.592928    21.263    21.702  7 57517.07141359 25.019
 290 136.847149  49.592796    22.029    21.986  8 57526.98706705 48.793
 291 136.845643  49.590292    22.218    22.262  7 57536.90271836 32.904
 292 136.843426  49.588604    22.060    22.085  8 57546.81836671 46.176
 293 136.843765  49.587217    21.880    21.904  7 57556.73401345 30.785
 294 136.844241  49.589437    22.371    22.373  7 57566.64965819 37.711
 295 136.846328  49.591048    22.423    22.377  9 57576.56530237 33.930
 296 136.846298  49.592879    23.130    23.085  7 57586.48094523 37.155
 297 136.847585  49.591146    23.209    23.279  6 57596.39658657 38.963
