-318306.502   115.365     0.00    6.10
-318018.486   113.667    -5.90    5.83
-317730.448   112.382    -4.46    5.50
-317442.387   111.356    -3.56    5.21
-317154.304   110.894    -1.60    5.69
-316866.200   112.336     5.00    6.93
-316578.073   114.732     8.31    7.53
-316289.923   117.305     8.93    7.14
-316001.752   119.061     6.09    5.98
-315713.558   120.273     4.20    5.67
-315425.342   120.970     2.42    5.96
-315137.104   121.037     0.23    6.88
-314848.843   120.267    -2.67    7.89
-314560.560   118.821    -5.01    8.77
-314272.255   117.116    -5.91    9.15
-313983.928   115.790    -4.60    9.11
-313695.578   114.397    -4.83    8.39
-313407.207   113.071    -4.60    7.18
-313118.812   112.329    -2.57    5.83
-312830.396   112.475     0.51    5.26
-312541.957   113.958     5.14    5.76
-312253.496   116.259     7.98    6.51
-311965.013   119.237    10.32    6.99
-311676.507   122.605    11.67    7.28
-311387.980   126.105    12.13    7.50
-311099.429   129.716    12.51    7.38
-310810.857   133.049    11.55    7.09
-310522.262   136.520    12.02    6.55
-310233.645   139.152     9.12    5.58
-309945.005   141.299     7.43    4.23
-309656.343   142.812     5.24    3.61
-309367.659   144.083     4.40    3.04
-309078.952   144.946     2.99    2.71
-308790.223   145.492     1.89    2.70
-308501.472   145.359    -0.46    2.92
-308212.698   145.003    -1.23    3.49
-307923.902   144.549    -1.57    4.21
-307635.083   143.631    -3.18    5.02
-307346.242   142.387    -4.31    5.67
-307057.379   140.654    -6.00    6.04
-306768.493   138.741    -6.62    6.55
-306479.585   136.205    -8.77    7.58
-306190.655   133.569    -9.12    8.04
-305901.702   131.538    -7.03    6.99
-305612.727   130.631    -3.14    5.57
-305323.729   130.677     0.16    5.09
-305034.709   132.129     5.02    6.11
-304745.666   134.692     8.86    6.95
-304456.601   137.748    10.57    6.55
-304167.513   140.745    10.36    5.83
-303878.403   143.321     8.91    5.60
-303589.271   145.560     7.74    5.68
-303300.116   147.730     7.50    5.63
-303010.938   149.378     5.70    4.98
-302721.739   150.981     5.54    4.00
-302432.516   151.576     2.06    2.97
-302143.271   151.206    -1.28    3.01
-301854.004   150.059    -3.96    3.74
-301564.714   148.126    -6.68    4.57
-301275.402   145.826    -7.95    5.22
-300986.067   143.181    -9.14    5.56
-300696.709   140.206   -10.28    5.75
-300407.330   137.381    -9.76    6.24
-300117.927   134.381   -10.36    5.91
-299828.502   132.115    -7.83    5.11
-299539.055   131.326    -2.72    4.94
-299249.585   132.262     3.23    6.75
-298960.092   135.401    10.84    9.63
-298670.577   140.049    16.05   10.94
-298381.039   145.619    19.23   10.48
-298091.479   150.654    17.38    8.30
-297801.896   154.201    12.24    5.58
-297512.291   156.626     8.37    3.57
-297222.662   157.480     2.95    2.68
-296933.012   157.384    -0.33    3.48
-296645.319   155.907    -5.13    5.09
-296360.391   153.410    -8.76    6.76
-296075.442   150.305   -10.89    7.68
-295790.472   147.794    -8.81    7.45
-295505.480   146.405    -4.87    7.01
-295220.466   146.589     0.65    7.84
-294935.431   148.108     5.33    9.35
-294650.374   151.267    11.08   10.05
-294365.295   155.480    14.77    8.47
-294080.195   159.187    13.00    6.09
-293795.073   161.256     7.25    4.87
-293509.930   162.038     2.74    4.17
-293224.765   161.910    -0.45    3.99
-292939.579   160.445    -5.14    4.73
-292654.370   158.026    -8.48    6.12
-292369.140   154.550   -12.18    7.42
-292083.889   151.312   -11.35    7.26
-291798.616   149.062    -7.89    6.68
-291513.321   148.515    -1.92    7.14
-291228.005   149.573     3.71    8.80
-290942.667   151.956     8.35    9.98
-290657.307   154.980    10.59    9.72
-290371.926   157.787     9.84    7.71
-290086.523   158.924     3.98    5.68
-289801.098   158.262    -2.32    5.75
-289515.651   155.730    -8.87    7.14
-289230.183   152.294   -12.04    7.69
-288944.693   149.596    -9.45    6.82
-288659.182   148.247    -4.72    6.24
-288373.649   147.991    -0.90    6.77
-288088.094   148.932     3.29    7.65
-287802.517   150.649     6.01    7.78
-287516.919   151.588     3.29    7.34
-287231.299   150.872    -2.51    7.57
-286945.657   149.073    -6.29    7.94
-286659.993   147.106    -6.88    7.41
-286374.308   146.578    -1.85    7.10
-286088.601   147.430     2.98    8.15
-285802.872   149.779     8.22    9.94
-285517.121   153.617    13.43   11.88
-285231.349   158.812    18.18   13.32
-284945.555   163.737    17.23   13.55
-284659.739   168.248    15.78   12.21
-284373.902   172.719    15.64    9.74
-284088.042   176.589    13.54    7.93
-283802.161   179.543    10.33    5.85
-283516.258   181.201     5.80    4.95
-283230.333   181.968     2.68    4.57
-282944.387   182.287     1.12    3.72
-282658.418   181.923    -1.27    3.48
-282372.428   180.644    -4.47    4.00
-282086.416   178.329    -8.09    5.47
-281800.382   175.159   -11.08    7.08
-281514.326   171.424   -13.05    8.04
-281228.249   167.647   -13.20    8.08
-280942.149   164.221   -11.97    7.42
-280656.028   160.957   -11.41    6.69
-280369.885   157.924   -10.60    5.63
-280083.720   157.245    -2.37    5.64
-279797.533   158.526     4.47    8.77
-279511.325   161.848    11.60   11.95
-279225.094   165.437    12.54   13.07
-278938.842   170.892    19.05   13.41
-278652.567   177.047    21.50   12.54
-278366.271   182.936    20.56   10.01
-278079.953   186.715    13.19    8.45
-277793.613   188.792     7.25    7.72
-277507.251   189.846     3.68    6.95
-277220.867   191.217     4.79    6.30
-276934.462   192.048     2.90    5.72
-276648.034   192.621     2.00    5.29
-276361.584   192.880     0.90    4.48
-276075.113   192.397    -1.69    4.59
-275788.619   190.781    -5.64    6.52
-275502.104   188.548    -7.79    7.62
-275215.567   187.059    -5.19    7.41
-274929.007   186.248    -2.83    7.13
-274642.426   185.826    -1.47    6.98
-274355.823   186.326     1.74    6.76
-274069.198   187.826     5.23    6.00
-273782.551   189.826     6.98    3.43
-273495.882   190.399     2.00    1.99
-273209.191   189.826    -2.00    2.23
-272922.477   189.026    -2.79    2.52
-272635.742   188.049    -3.41    3.17
-272348.985   186.821    -4.28    3.91
-272062.206   185.392    -4.98    4.84
-271775.405   183.937    -5.07    5.23
-271488.582   182.857    -3.76    5.28
-271201.737   181.313    -5.38    5.36
-270914.870   180.375    -3.27    5.46
-270627.981   179.877    -1.74    5.69
-270341.069   179.422    -1.59    5.40
-270054.136   178.900    -1.82    5.58
-269767.181   178.336    -1.96    5.66
-269480.203   177.394    -3.28    5.85
-269193.204   175.799    -5.56    6.82
-268906.182   173.174    -9.14    7.82
-268619.139   170.284   -10.06    8.08
-268332.073   167.543    -9.55    7.31
-268044.986   165.344    -7.66    5.77
-267757.876   163.887    -5.08    3.83
-267470.744   163.828    -0.20    3.19
-267183.590   165.235     4.90    4.32
-266896.414   168.120    10.04    6.70
-266609.216   172.638    15.73    9.25
-266321.995   177.443    16.73   10.13
-266034.753   181.991    15.83    9.49
-265747.488   185.677    12.83    8.03
-265460.202   188.992    11.53    6.08
-265172.893   191.096     7.32    5.14
-264885.562   191.038    -0.20    6.25
-264598.209   189.208    -6.37    7.98
-264310.834   187.094    -7.35    8.48
-264023.436   186.359    -2.56    7.99
-263736.017   186.233    -0.44    6.66
-263448.575   184.933    -4.52    5.64
-263161.111   183.480    -5.06    5.78
-262873.625   182.363    -3.88    6.81
-262586.117   181.205    -4.03    7.91
-262298.586   178.860    -8.15    8.96
-262011.034   174.608   -14.78    9.08
-261723.459   169.794   -16.74    8.66
-261435.862   165.235   -15.85    8.91
-261148.243   160.424   -16.73    9.73
-260860.601   156.902   -12.24    9.74
-260572.938   154.844    -7.15    9.43
-260285.252   153.498    -4.68    9.00
-259997.544   153.267    -0.80    9.34
-259709.813   152.815    -1.57    9.27
-259422.061   152.801    -0.05    8.73
-259134.286   153.015     0.74    7.90
-258846.489   152.655    -1.25    7.62
-258558.669   151.633    -3.55    8.19
-258270.828   150.509    -3.90    8.78
-257982.964   149.126    -4.80    8.79
-257695.078   147.992    -3.94    8.74
-257407.169   146.992    -3.47    8.38
-257119.239   145.855    -3.95    7.73
-256831.286   143.981    -6.51    7.19
-256543.310   141.161    -9.79    7.62
-256255.313   137.734   -11.90    8.32
-255967.293   134.116   -12.56    8.67
-255679.251   130.801   -11.50    7.91
-255391.186   128.069    -9.48    6.68
-255103.099   125.430    -9.16    5.36
-254814.990   123.608    -6.32    4.25
-254526.859   121.828    -6.18    3.80
-254238.705   120.048    -6.18    4.20
-253950.528   118.126    -6.67    4.46
-253662.330   116.135    -6.90    4.58
-253374.109   114.070    -7.16    4.13
-253085.866   112.321    -6.07    3.63
-252797.600   110.912    -4.89    2.89
-252509.312   109.677    -4.28    2.34
-252221.002   108.803    -3.03    1.83
-251932.669   108.137    -2.31    1.88
-251644.314   107.555    -2.02    2.02
-251355.936   107.003    -1.91    2.08
-251067.536   106.433    -1.98    1.99
-250779.114   105.930    -1.74    2.04
-250490.669   105.450    -1.67    1.90
-250202.202   104.875    -1.99    1.72
-249913.713   104.468    -1.41    1.61
-249625.200   104.119    -1.21    1.46
-249336.666   103.878    -0.84    1.25
-249048.109   103.844    -0.12    1.21
-248759.530   103.662    -0.63    1.10
-248470.928   103.635    -0.09    1.15
-248182.304   103.739     0.36    1.24
-247893.657   103.810     0.25    1.25
-247604.988   103.735    -0.26    1.14
-247316.296   103.642    -0.32    1.18
-247027.582   103.729     0.30    1.20
-246738.846   103.852     0.43    1.15
-246450.087   103.933     0.28    1.16
-246161.305   104.084     0.52    1.11
-245872.501   104.166     0.28    1.15
-245583.674   104.239     0.25    1.12
-245294.825   104.408     0.58    1.12
-245005.954   104.548     0.48    1.10
-244717.060   104.745     0.68    1.22
-244428.143   105.048     1.05    1.57
-244139.204   105.762     2.47    2.20
-243850.242   106.739     3.38    3.05
-243561.258   108.140     4.85    4.05
-243272.251   109.812     5.79    4.41
-242983.222   111.781     6.81    4.62
-242694.170   113.892     7.30    5.39
-242405.096   117.069    10.99    7.23
-242115.999   121.424    15.06   10.60
-241826.879   126.295    16.85   13.60
-241537.737   131.127    16.71   15.65
-241248.572   135.992    16.82   16.32
-240959.385   139.756    13.01   16.03
-240670.175   141.377     5.60   16.65
-240380.942   141.157    -0.76   17.80
-240091.687   139.026    -7.37   18.30
-239802.409   136.004   -10.44   17.46
-239513.109   131.803   -14.52   14.35
-239223.786   129.256    -8.80   11.00
-238934.440   128.091    -4.02    8.52
-238645.072   128.537     1.54    8.11
-238355.681   129.359     2.84    7.89
-238066.267   129.726     1.27    7.05
-237776.831   130.370     2.23    6.84
-237487.372   131.892     5.26    7.40
-237197.891   133.543     5.70    8.14
-236908.387   135.739     7.58    9.17
-236618.860   138.677    10.15   10.46
-236329.310   142.320    12.58   11.72
-236039.738   147.265    17.07   12.49
-235750.143   151.526    14.71   12.55
-235460.525   155.433    13.49   11.73
-235170.885   159.348    13.51   10.02
-234881.222   162.543    11.03    8.01
-234594.801   164.776     7.79    5.84
-234309.892   165.742     3.39    5.56
-234024.963   166.348     2.13    6.37
-233740.011   166.934     2.06    7.00
-233455.038   168.355     4.99    6.63
-233170.043   169.933     5.53    6.30
-232885.026   171.619     5.91    6.30
-232599.988   173.497     6.59    6.39
-232314.928   175.922     8.50    6.25
-232029.846   178.428     8.79    5.63
-231744.743   181.325    10.16    5.45
-231459.618   183.911     9.07    5.20
-231174.471   185.992     7.30    6.23
-230889.302   188.140     7.53    7.24
-230604.112   190.693     8.95    7.01
-230318.900   192.647     6.85    6.80
-230033.666   194.716     7.25    4.64
-229748.411   195.980     4.43    3.47
-229463.133   196.154     0.61    3.97
-229177.834   196.226     0.25    4.27
-228892.514   196.456     0.81    4.26
-228607.171   197.474     3.57    4.71
-228321.807   199.267     6.28    5.71
-228036.421   201.405     7.49    7.15
-227751.013   204.651    11.37    8.49
-227465.583   208.060    11.94    8.57
-227180.132   210.635     9.02    8.92
-226894.659   213.072     8.53   10.65
-226609.164   216.787    13.01   12.92
-226323.647   220.003    11.26   13.29
-226038.108   221.049     3.66   13.09
-225752.548   220.177    -3.05   12.40
-225466.966   218.549    -5.70   12.10
-225181.361   217.371    -4.13   11.69
-224895.735   215.290    -7.28   12.91
-224610.088   211.957   -11.67   13.59
-224324.418   208.821   -10.97   13.70
-224038.727   206.401    -8.47   13.25
-223753.013   206.440     0.14   12.90
-223467.278   208.934     8.73   14.85
-223181.521   210.594     5.81   16.11
-222895.742   212.968     8.31   17.18
-222609.942   217.433    15.62   19.76
-222324.119   220.003     8.99   19.99
-222038.274   223.259    11.39   19.85
-221752.408   226.787    12.34   19.34
-221466.520   232.038    18.36   20.32
-221180.609   237.674    19.71   20.53
-220894.677   242.128    15.58   20.80
-220608.723   247.958    20.38   22.19
-220322.747   254.956    24.47   24.00
-220036.750   259.992    17.60   24.50
-219750.730   266.348    22.22   25.31
-219464.688   271.433    17.77   25.11
-219178.624   276.626    18.15   22.50
-218892.539   280.666    14.12   18.41
-218606.431   283.716    10.66   15.92
-218320.302   284.210     1.73   14.65
-218034.150   282.935    -4.45   14.77
-217747.977   282.265    -2.34   15.13
-217461.781   281.662    -2.10   15.45
-217175.564   282.446     2.74   14.40
-216889.325   283.808     4.75   12.22
-216603.063   284.061     0.89   11.27
-216316.780   282.520    -5.38   12.10
-216030.475   279.596   -10.21   13.43
-215744.147   274.608   -17.42   14.89
-215457.798   267.785   -23.82   15.25
-215171.427   262.817   -17.34   14.40
-214885.033   259.321   -12.20   13.43
-214598.618   256.753    -8.96   12.96
-214312.181   255.037    -5.99   13.27
-214025.721   252.026   -10.51   14.27
-213739.240   248.912   -10.87   14.20
-213452.736   247.015    -6.62   13.37
-213166.211   247.026     0.04   14.20
-212879.663   247.417     1.36   13.83
-212593.093   246.131    -4.49   11.93
-212306.502   244.398    -6.04   10.82
-212019.888   243.747    -2.27   10.08
-211733.252   242.175    -5.48   10.42
-211446.594   239.936    -7.81   10.71
-211159.914   236.848   -10.77   10.54
-210873.212   233.149   -12.90   10.47
-210586.487   229.256   -13.58   10.89
-210299.741   225.131   -14.38   11.21
-210012.973   221.631   -12.20   10.26
-209726.182   218.179   -12.03    8.60
-209439.369   215.038   -10.95    6.70
-209152.535   213.132    -6.64    5.22
-208865.678   211.762    -4.78    4.64
-208578.799   211.531    -0.80    5.72
-208291.897   212.149     2.15    7.95
-208004.974   213.392     4.33   10.82
-207718.028   214.958     5.46   13.23
-207431.061   215.992     3.60   14.51
-207144.071   217.307     4.58   15.60
-206857.059   218.348     3.63   16.23
-206570.025   217.844    -1.75   15.90
-206282.968   217.390    -1.58   15.43
-205995.890   218.072     2.38   14.97
-205708.789   218.846     2.70   14.54
-205421.666   219.603     2.64   13.98
-205134.521   220.575     3.38   13.29
-204847.354   221.554     3.41   12.05
-204560.164   222.659     3.85   10.79
-204272.953   223.348     2.40   10.11
-203985.719   222.581    -2.67   10.02
-203698.462   220.520    -7.17   10.65
-203411.184   216.092   -15.41   13.11
-203123.883   210.080   -20.92   14.97
-202836.560   205.487   -15.98   14.96
-202549.215   202.927    -8.91   13.76
-202261.848   201.091    -6.39   12.17
-201974.458   199.833    -4.38   11.16
-201687.046   201.325     5.19   12.60
-201399.612   204.015     9.36   13.40
-201112.156   207.637    12.60   13.40
-200824.677   210.275     9.18   13.20
-200537.176   211.564     4.48   12.66
-200249.652   211.384    -0.63   12.08
-199962.107   209.938    -5.03   11.83
-199674.539   207.806    -7.41   12.47
-199386.949   204.619   -11.08   13.58
-199099.336   201.453   -11.01   13.77
-198811.701   198.700    -9.57   12.76
-198524.044   197.329    -4.76   11.59
-198236.365   197.250    -0.27   10.77
-197948.663   198.443     4.14   10.61
-197660.938   199.482     3.61   10.13
-197373.192   200.715     4.28    8.99
-197085.423   200.612    -0.35    8.89
-196797.632   198.754    -6.46   10.52
-196509.818   195.355   -11.81   11.66
-196221.982   191.426   -13.65   11.15
-195934.124   188.719    -9.40    9.78
-195646.243   186.599    -7.36    8.23
-195358.340   184.367    -7.75    7.00
-195070.414   183.564    -2.79    6.70
-194782.466   183.608     0.15    7.09
-194494.496   184.278     2.33    7.84
-194206.503   185.388     3.85    8.64
-193918.488   186.348     3.33    8.97
-193630.451   187.048     2.43    8.84
-193342.391   187.126     0.27    8.21
-193054.308   186.403    -2.51    7.53
-192766.204   185.652    -2.61    6.69
-192478.076   185.157    -1.72    6.09
-192189.927   184.751    -1.41    5.60
-191901.754   184.295    -1.58    5.33
-191613.560   183.612    -2.37    5.33
-191325.343   182.946    -2.31    5.49
-191037.103   181.378    -5.44    5.30
-190748.841   179.177    -7.63    5.52
-190460.557   176.980    -7.62    5.68
-190172.250   175.267    -5.94    5.24
-189883.920   174.183    -3.76    4.43
-189595.568   174.026    -0.55    4.52
-189307.194   173.756    -0.93    4.67
-189018.797   173.992     0.82    5.32
-188730.377   174.387     1.37    5.72
-188441.935   174.152    -0.81    5.81
-188153.471   173.344    -2.80    5.64
-187864.984   173.302    -0.15    5.41
-187576.474   174.945     5.69    7.81
-187287.942   178.739    13.15   11.09
-186999.387   182.891    14.39   12.39
-186710.810   186.844    13.70   12.20
-186422.210   190.230    11.73   10.76
-186133.588   191.844     5.59    9.23
-185844.943   191.128    -2.48    9.61
-185556.276   188.503    -9.09   10.20
-185267.586   185.313   -11.05    9.04
-184978.873   182.762    -8.84    7.49
-184690.138   181.689    -3.71    6.81
-184401.380   182.417     2.52    8.62
-184112.600   184.492     7.18   12.44
-183823.797   188.703    14.58   16.94
-183534.971   193.633    17.06   20.16
-183246.123   200.026    22.13   21.73
-182957.252   206.573    22.66   20.83
-182668.358   211.933    18.55   18.24
-182379.442   215.750    13.21   14.65
-182090.503   218.739    10.34   11.25
-181801.542   217.877    -2.98   12.11
-181512.558   215.548    -8.06   14.08
-181223.551   213.015    -8.76   15.16
-180934.522   209.188   -13.24   15.81
-180645.470   204.839   -15.05   15.91
-180356.395   202.403    -8.42   16.80
-180067.298   200.159    -7.76   18.29
-179778.178   197.432    -9.43   19.96
-179489.035   194.377   -10.56   21.11
-179199.869   190.729   -12.61   21.88
-178910.681   189.906    -2.85   22.89
-178621.470   186.938   -10.26   22.43
-178332.237   182.390   -15.72   20.63
-178042.981   178.318   -14.07   17.89
-177753.702   175.790    -8.74   14.99
-177464.400   173.681    -7.29   12.32
-177175.075   172.525    -3.99   11.69
-176885.728   171.179    -4.65   11.20
-176596.358   169.819    -4.70   10.13
-176306.966   168.718    -3.80    9.47
-176017.550   167.333    -4.78    8.21
-175728.112   165.192    -7.40    5.45
-175438.651   164.273    -3.18    4.29
-175149.167   163.441    -2.87    3.27
-174859.661   163.070    -1.28    2.46
-174570.131   163.388     1.10    2.99
-174280.579   164.993     5.54    7.04
-173991.004   167.333     8.08   11.45
-173701.406   171.348    13.86   18.50
-173411.786   177.059    19.72   26.36
-173122.143   183.437    22.02   31.58
-172832.476   188.992    19.18   33.23
-172547.287   190.069     3.78   31.47
-172262.384   188.308    -6.18   29.04
-171977.459   187.212    -3.84   26.42
-171692.513   184.770    -8.57   24.09
-171407.545   181.692   -10.80   21.23
-171122.555   177.615   -14.31   16.58
-170837.543   175.826    -6.28   13.97
-170552.510   177.770     6.82   17.85
-170267.454   182.592    16.91   23.46
-169982.377   188.926    22.21   27.80
-169697.278   197.310    29.40   29.38
-169412.158   205.481    28.65   28.22
-169127.015   213.570    28.36   26.46
-168841.851   222.960    32.92   23.05
-168556.665   233.015    35.25   19.84
-168271.457   241.558    29.95   19.35
-167986.227   249.366    27.37   18.36
-167700.976   253.917    15.95   16.30
-167415.702   256.179     7.93   17.74
-167130.407   259.543    11.79   19.50
-166845.090   262.321     9.74   23.96
-166559.751   262.459     0.48   28.50
-166274.390   261.531    -3.25   32.67
-165989.007   256.851   -16.40   38.26
-165703.603   250.612   -21.86   42.27
-165418.176   246.232   -15.34   42.66
-165132.728   239.938   -22.04   42.18
-164847.257   229.135   -37.84   39.15
-164561.765   215.503   -47.74   34.92
-164276.251   203.262   -42.87   30.35
-163990.715   194.183   -31.79   26.76
-163705.157   187.157   -24.60   23.63
-163419.578   180.905   -21.89   11.96
-163133.976   183.928    10.58   18.98
-162848.352   194.134    35.73   35.49
-162562.707   205.601    40.14   43.07
-162277.039   216.438    37.93   46.40
-161991.350   228.115    40.86   48.06
-161705.638   240.947    44.91   48.15
-161419.905   252.015    38.73   47.52
-161134.150   256.026    14.03   47.19
-160848.373   253.591    -8.52   44.36
-160562.573   252.574    -3.56   39.54
-160276.752   254.828     7.89   34.49
-159990.909   257.971    11.00   31.30
-159705.044   264.746    23.70   29.14
-159419.157   270.861    21.39   29.61
-159133.247   280.812    34.80   30.62
-158847.316   290.846    35.09   29.84
-158561.363   298.767    27.70   30.03
-158275.388   308.773    34.98   29.21
-157989.391   319.681    38.14   28.91
-157703.372   330.960    39.43   28.50
-157417.330   342.872    41.64   25.40
-157131.267   351.004    28.42   21.09
-156845.182   353.718     9.49   19.21
-156559.074   348.857   -16.99   27.00
-156272.945   339.026   -34.36   35.41
-155986.793   328.812   -35.69   38.34
-155700.620   321.927   -24.06   39.23
-155414.424   317.493   -15.49   40.28
-155128.207   315.515    -6.91   43.88
-154841.967   321.471    20.81   48.22
-154555.705   328.406    24.22   48.69
-154269.421   329.928     5.31   44.57
-153983.115   327.237    -9.40   42.30
-153696.787   321.970   -18.39   39.27
-153410.437   319.217    -9.61   38.66
-153124.065   314.993   -14.75   39.67
-152837.670   309.333   -19.76   37.23
-152551.254   305.638   -12.90   35.57
-152264.815   304.417    -4.26   34.22
-151978.354   300.123   -14.99   27.79
-151691.871   296.362   -13.13   20.54
-151405.366   295.248    -3.89   16.59
-151118.839   298.374    10.91   18.56
-150832.290   304.633    21.84   22.37
-150545.718   312.113    26.10   24.01
-150259.124   319.982    27.45   24.71
-149972.509   328.832    30.87   24.80
-149685.871   337.004    28.51   23.18
-149399.210   343.294    21.94   19.77
-149112.528   347.091    13.24   17.45
-148825.823   348.692     5.58   17.07
-148539.097   347.666    -3.58   18.14
-148252.348   343.554   -14.34   20.24
-147965.577   333.895   -33.68   22.02
-147678.783   322.762   -38.81   24.07
-147391.968   310.445   -42.94   26.12
-147105.130   299.297   -38.86   24.08
-146818.270   290.460   -30.80   19.00
-146531.387   291.004     1.89   20.73
-146244.483   296.637    19.63   27.77
-145957.556   306.576    34.64   33.62
-145670.607   321.408    51.68   37.71
-145383.636   334.362    45.14   35.97
-145096.642   343.743    32.68   29.46
-144809.627   351.036    25.41   25.20
-144522.588   354.428    11.81   24.02
-144235.528   352.797    -5.68   25.40
-143948.446   348.906   -13.55   24.64
-143661.341   344.453   -15.51   20.35
-143374.213   345.610     4.03   20.38
-143087.064   350.576    17.29   23.78
-142799.892   358.319    26.96   26.79
-142512.698   365.681    25.63   27.72
-142225.482   374.080    29.24   27.83
-141938.243   381.699    26.52   25.68
-141650.982   385.520    13.30   25.94
-141363.698   387.322     6.27   26.28
-141076.393   388.700     4.79   25.87
-140789.065   390.441     6.06   25.62
-140501.714   392.792     8.18   26.22
-140214.341   397.638    16.86   27.86
-139926.946   404.176    22.75   28.58
-139639.529   413.481    32.37   30.15
-139352.089   423.642    35.35   30.45
-139064.627   432.488    30.77   29.81
-138777.142   439.641    24.88   30.51
-138489.635   443.217    12.44   31.63
-138202.106   442.554    -2.31   31.96
-137914.554   438.256   -14.94   31.08
-137626.980   428.961   -32.32   32.07
-137339.383   413.359   -54.24   37.82
-137051.764   393.667   -68.46   46.64
-136764.123   370.830   -79.38   52.82
-136476.459   346.841   -83.38   52.47
-136188.772   322.848   -83.39   45.80
-135901.064   302.958   -69.12   36.23
-135613.333   288.203   -51.27   23.97
-135325.579   280.575   -26.51   14.13
-135037.803   280.721     0.51   15.07
-134750.004   286.058    18.54   21.64
-134462.183   294.445    29.14   26.80
-134174.340   304.743    35.77   30.50
-133886.474   314.592    34.21   33.48
-133598.586   322.880    28.78   37.08
-133310.675   330.295    25.75   39.15
-133022.741   337.059    23.49   38.74
-132734.786   340.558    12.15   37.34
-132446.807   342.623     7.17   35.10
-132158.806   343.156     1.85   32.35
-131870.783   343.351     0.68   29.07
-131582.737   343.124    -0.79   27.37
-131294.669   345.048     6.68   28.18
-131006.578   351.831    23.54   30.90
-130718.464   358.359    22.66   31.47
-130430.328   365.080    23.32   31.28
-130142.170   373.775    30.17   32.34
-129853.988   384.949    38.77   32.72
-129565.785   398.123    45.71   34.35
-129277.559   409.146    38.24   34.55
-128989.310   422.392    45.95   32.92
-128701.038   436.454    48.77   31.62
-128412.744   448.333    41.20   28.99
-128124.428   456.881    29.64   25.88
-127836.089   462.270    18.69   24.41
-127547.727   464.756     8.62   26.37
-127259.343   463.217    -5.34   30.93
-126970.936   459.637   -12.41   33.26
-126682.506   457.048    -8.97   31.17
-126394.054   456.366    -2.36   27.39
-126105.579   459.015     9.18   23.73
-125817.082   461.981    10.28   19.91
-125528.562   464.615     9.13   15.88
-125240.019   463.888    -2.52   15.71
-124951.454   460.515   -11.69   20.25
-124662.866   454.305   -21.51   27.57
-124374.255   443.674   -36.83   32.44
-124085.622   434.352   -32.29   29.99
-123796.966   430.659   -12.79   26.48
-123508.287   433.503     9.85   28.21
-123219.586   440.497    24.22   30.07
-122930.862   448.503    27.72   31.48
-122642.115   460.588    41.85   30.07
-122353.346   473.520    44.78   27.02
-122064.553   486.061    43.42   26.14
-121775.739   499.594    46.85   27.61
-121486.901   512.759    45.57   28.26
-121198.041   524.792    41.65   27.48
-120909.158   535.287    36.33   25.10
-120620.252   543.875    29.72   22.45
-120331.324   550.340    22.37   18.77
-120042.372   555.194    16.80   14.31
-119753.399   556.958     6.10   13.83
-119464.402   555.776    -4.09   15.52
-119175.382   552.689   -10.68   17.92
-118886.340   548.060   -16.01   20.77
-118597.275   541.703   -21.99   23.15
-118308.188   533.117   -29.70   25.81
-118019.077   522.875   -35.42   27.41
-117729.944   511.367   -39.80   29.55
-117440.788   498.753   -43.62   30.54
-117151.609   487.801   -37.87   31.00
-116862.407   476.408   -39.39   29.73
-116573.182   466.127   -35.54   27.21
-116283.935   456.790   -32.28   25.02
-115994.665   445.589   -38.72   23.98
-115705.372   435.628   -34.43   22.65
-115416.056   429.037   -22.78   21.79
-115126.718   425.677   -11.61   22.78
-114837.356   426.378     2.42   27.62
-114547.972   427.970     5.50   29.87
-114258.565   426.537    -4.95   29.38
-113969.135   423.172   -11.62   28.89
-113679.682   417.083   -21.03   29.83
-113390.206   410.566   -22.51   28.62
-113100.707   401.946   -29.77   25.20
-112811.186   392.164   -33.78   18.85
-112521.641   384.374   -26.90   16.08
-112232.074   379.937   -15.32   15.96
-111942.484   376.797   -10.84   17.46
-111652.870   373.203   -12.41   17.52
-111363.234   369.531   -12.68   18.60
-111073.575   363.981   -19.16   18.73
-110784.841   358.448   -19.16   18.49
-110499.990   352.470   -20.98   17.75
-110215.117   347.137   -18.72   16.62
-109930.222   341.938   -18.25   16.03
-109645.306   337.333   -16.16   14.85
-109360.368   333.237   -14.38   13.19
-109075.407   329.925   -11.62   12.81
-108790.425   326.390   -12.40   12.71
-108505.421   324.503    -6.62   14.00
-108220.395   321.805    -9.46   14.01
-107935.348   319.855    -6.84   14.53
-107650.278   317.526    -8.17   14.29
-107365.187   314.981    -8.92   13.45
-107080.073   312.352    -9.22   12.22
-106794.938   310.446    -6.68   11.62
-106509.781   308.833    -5.66   11.06
-106224.602   307.554    -4.48   10.67
-105939.401   306.463    -3.83   10.94
-105654.178   307.605     4.01   14.16
-105368.933   309.565     6.87   19.62
-105083.667   309.833     0.94   21.58
-104798.378   309.722    -0.39   23.44
-104513.067   308.015    -5.99   22.09
-104227.735   307.105    -3.19   21.11
-103942.380   307.060    -0.16   22.02
-103657.004   310.333    11.47   26.45
-103371.606   318.419    28.33   35.80
-103086.185   325.374    24.37   40.32
-102800.743   333.835    29.64   43.35
-102515.279   339.617    20.25   42.40
-102229.792   340.321     2.47   38.79
-101944.284   338.250    -7.25   33.89
-101658.754   334.509   -13.10   30.97
-101373.202   332.003    -8.77   30.23
-101087.627   327.605   -15.40   30.74
-100802.031   324.392   -11.25   32.55
-100516.413   322.048    -8.21   34.67
-100230.772   322.253     0.72   36.09
 -99945.110   322.840     2.05   35.46
 -99659.426   319.689   -11.03   35.75
 -99373.719   312.244   -26.05   34.56
 -99087.991   303.696   -29.91   34.16
 -98802.241   293.148   -36.91   32.89
 -98516.468   282.026   -38.92   29.88
 -98230.673   273.448   -30.01   24.27
 -97944.857   266.426   -24.57   17.13
 -97659.018   261.913   -15.78   13.76
 -97373.157   260.981    -3.26   13.99
 -97087.275   263.637     9.29   16.05
 -96801.370   269.311    19.85   18.81
 -96515.443   275.580    21.92   21.55
 -96229.493   282.283    23.44   22.97
 -95943.522   288.648    22.25   22.68
 -95657.529   295.234    23.03   20.32
 -95371.514   301.037    20.28   18.51
 -95085.476   307.808    23.67   17.33
 -94799.416   313.344    19.35   16.66
 -94513.335   318.615    18.42   15.87
 -94227.231   323.259    16.23   15.69
 -93941.105   327.259    13.98   14.84
 -93654.956   329.586     8.13   12.95
 -93368.786   330.402     2.85   11.61
 -93082.594   328.536    -6.52   13.17
 -92796.379   325.896    -9.22   14.69
 -92510.142   321.928   -13.86   15.38
 -92223.883   316.981   -17.28   14.25
 -91937.602   312.262   -16.48   14.24
 -91651.299   306.603   -19.76   14.53
 -91364.973   300.384   -21.72   14.82
 -91078.626   295.653   -16.52   15.00
 -90792.256   290.670   -17.40   13.56
 -90505.864   286.122   -15.88   13.22
 -90219.449   280.819   -18.51   11.31
 -89933.013   275.936   -17.05    9.83
 -89646.554   270.715   -18.23    9.83
 -89360.073   264.786   -20.69   12.00
 -89073.570   258.780   -20.96   13.55
 -88787.044   253.348   -18.96   13.29
 -88500.497   252.280    -3.72   16.02
 -88213.927   254.713     8.49   20.71
 -87927.335   258.300    12.51   23.76
 -87640.720   264.790    22.64   27.33
 -87354.084   271.839    24.59   26.56
 -87067.425   283.015    38.98   25.58
 -86780.743   292.498    33.08   21.76
 -86494.040   295.461    10.33   21.78
 -86207.314   294.767    -2.42   22.31
 -85920.566   291.656   -10.85   23.64
 -85633.796   284.992   -23.24   25.87
 -85347.003   278.981   -20.96   26.70
 -85060.188   274.515   -15.57   23.17
 -84773.351   274.525     0.04   22.93
 -84486.491   277.885    11.71   26.21
 -84199.609   286.674    30.63   32.06
 -83912.705   296.960    35.85   32.89
 -83625.779   307.894    38.10   29.85
 -83338.830   317.734    34.29   27.03
 -83051.859   323.859    21.34   25.80
 -82764.865   329.015    17.96   23.45
 -82477.849   334.408    18.79   21.89
 -82190.811   341.440    24.50   19.26
 -81903.750   345.504    14.15   17.44
 -81616.667   347.707     7.67   15.77
 -81329.562   349.239     5.34   13.70
 -81042.434   349.058    -0.63   12.58
 -80755.284   345.482   -12.45   13.54
 -80468.111   339.466   -20.95   14.61
 -80180.916   332.440   -24.46   15.03
 -79893.699   327.047   -18.78   14.64
 -79606.459   323.091   -13.77   12.32
 -79319.197   320.415    -9.32    9.29
 -79031.912   319.148    -4.41    7.24
 -78744.605   320.245     3.82    6.67
 -78457.276   323.359    10.83    7.76
 -78169.924   327.515    14.46    8.29
 -77882.549   331.660    14.42    8.79
 -77595.152   335.718    14.12    9.55
 -77307.733   339.959    14.76    9.46
 -77020.291   344.417    15.51    9.00
 -76732.827   348.326    13.60    8.28
 -76445.341   350.971     9.20    7.34
 -76157.832   351.949     3.40    6.95
 -75870.300   351.929    -0.07    6.99
 -75582.746   351.872    -0.20    6.59
 -75295.169   351.792    -0.28    6.48
 -75007.570   351.531    -0.91    6.91
 -74719.949   352.903     4.77    8.03
 -74432.304   356.355    12.00   10.06
 -74144.638   361.316    17.24   11.81
 -73856.949   367.122    20.18   12.38
 -73569.237   372.146    17.46   11.20
 -73281.503   375.892    13.02   10.05
 -72993.746   376.832     3.26    9.98
 -72705.967   375.355    -5.13   12.62
 -72418.165   371.003   -15.12   15.86
 -72130.341   363.797   -25.04   19.61
 -71842.494   354.885   -30.96   23.40
 -71554.624   344.265   -36.89   25.81
 -71266.732   332.970   -39.23   27.12
 -70978.818   320.047   -44.88   27.69
 -70690.880   306.421   -47.32   26.01
 -70402.921   293.981   -43.20   23.17
 -70114.938   282.438   -40.08   21.82
 -69826.933   271.850   -36.76   20.53
 -69538.906   261.330   -36.52   18.84
 -69250.856   253.592   -26.86   17.15
 -68962.783   247.525   -21.06   14.76
 -68674.687   242.515   -17.39   13.62
 -68386.569   237.437   -17.62   11.58
 -68098.429   233.699   -12.97   11.69
 -67810.265   230.553   -10.92   11.83
 -67522.079   226.743   -13.22   13.29
 -67233.871   221.515   -18.14   16.91
 -66945.639   216.938   -15.88   18.50
 -66657.385   212.423   -15.66   19.55
 -66369.109   210.092    -8.08   19.20
 -66080.810   210.884     2.75   19.23
 -65792.488   211.563     2.35   20.12
 -65504.143   217.265    19.77   19.71
 -65215.776   224.748    25.95   18.02
 -64927.386   230.037    18.34   16.13
 -64638.973   232.799     9.58   13.03
 -64350.538   234.815     6.99   10.37
 -64062.080   237.406     8.98   11.02
 -63773.599   240.756    11.61   11.55
 -63485.095   244.471    12.87   13.18
 -63196.569   247.861    11.75   13.82
 -62908.020   250.948    10.70   13.64
 -62619.448   253.853    10.07   12.70
 -62330.854   256.003     7.45   12.98
 -62042.236   254.778    -4.25   16.19
 -61753.596   254.025    -2.61   17.34
 -61464.934   253.240    -2.72   16.70
 -61176.248   252.377    -2.99   15.53
 -60887.540   252.070    -1.06   15.98
 -60598.809   250.237    -6.35   18.30
 -60310.055   247.837    -8.31   20.87
 -60021.278   242.627   -18.04   23.38
 -59732.479   233.653   -31.07   26.56
 -59443.657   222.982   -36.94   28.93
 -59154.812   211.862   -38.50   31.06
 -58865.944   201.303   -36.55   32.38
 -58577.053   192.892   -29.11   28.40
 -58288.139   192.721    -0.59   27.43
 -57999.203   195.498     9.61   28.59
 -57710.244   201.068    19.27   29.28
 -57421.262   207.348    21.73   27.20
 -57132.257   215.536    28.33   20.91
 -56843.229   220.270    16.38   15.17
 -56554.179   219.248    -3.54   15.78
 -56265.106   213.417   -20.17   19.68
 -55976.009   208.046   -18.58   21.62
 -55686.890   203.302   -16.41   22.01
 -55397.748   198.455   -16.76   23.68
 -55108.583   195.851    -9.00   25.73
 -54819.395   193.948    -6.58   26.63
 -54530.185   194.806     2.97   26.72
 -54240.951   195.449     2.22   25.24
 -53951.694   190.461   -17.24   28.50
 -53662.415   180.320   -35.06   35.22
 -53373.113   169.983   -35.73   40.90
 -53083.787   163.884   -21.08   42.35
 -52794.439   160.812   -10.62   43.86
 -52505.068   161.410     2.07   44.07
 -52215.674   163.240     6.32   44.37
 -51926.257   168.046    16.61   47.99
 -51636.817   177.929    34.14   48.49
 -51347.354   191.434    46.65   43.47
 -51057.868   199.465    27.74   40.48
 -50768.359   204.217    16.41   38.31
 -50478.827   210.641    22.19   32.41
 -50189.272   216.402    19.89   22.92
 -49899.695   218.887     8.58   17.42
 -49610.094   220.759     6.46   12.18
 -49320.470   219.369    -4.80   11.54
 -49030.823   216.982    -8.24   10.44
 -48743.259   213.902   -10.71    9.42
 -48458.411   211.806    -7.36    8.56
 -48173.541   210.089    -6.03    8.71
 -47888.649   208.330    -6.17    8.73
 -47603.735   206.419    -6.71    9.40
 -47318.800   204.608    -6.36    9.70
 -47033.842   203.608    -3.51    9.77
 -46748.862   203.415    -0.68   10.03
 -46463.861   203.743     1.15   10.37
 -46178.837   204.004     0.92   10.53
 -45893.792   204.259     0.90   10.04
 -45608.724   204.232    -0.10    9.21
 -45323.635   202.795    -5.04    9.08
 -45038.524   200.574    -7.79    9.91
 -44753.390   197.187   -11.88   12.12
 -44468.235   192.348   -16.97   14.03
 -44183.058   186.948   -18.93   15.18
 -43897.859   183.037   -13.71   15.22
 -43612.638   178.662   -15.34   14.76
 -43327.394   176.881    -6.24   14.35
 -43042.129   174.992    -6.62   15.27
 -42756.842   173.959    -3.62   17.17
 -42471.533   173.397    -1.97   19.16
 -42186.201   172.003    -4.88   21.03
 -41900.848   169.385    -9.17   22.95
 -41615.473   167.948    -5.04   22.46
 -41330.075   169.217     4.45   22.62
 -41044.656   170.610     4.88   23.82
 -40759.214   170.748     0.48   24.88
 -40473.751   168.370    -8.33   25.80
 -40188.265   164.003   -15.30   27.80
 -39902.758   161.537    -8.64   28.62
 -39617.228   158.812    -9.54   28.65
 -39331.676   156.648    -7.58   28.72
 -39046.102   151.666   -17.44   28.40
 -38760.506   148.094   -12.51   26.73
 -38474.888   150.837     9.60   25.66
 -38189.248   153.726    10.11   24.40
 -37903.586   155.344     5.67   22.70
 -37617.902   152.937    -8.43   22.74
 -37332.195   147.381   -19.44   23.74
 -37046.467   143.303   -14.27   25.77
 -36760.716   135.388   -27.70   26.36
 -36474.943   126.003   -32.84   23.51
 -36189.148   117.916   -28.30   19.65
 -35903.331   115.399    -8.80   18.85
 -35617.492   115.531     0.46   17.63
 -35331.631   115.564     0.12   15.49
 -35045.747   114.641    -3.23   14.87
 -34759.842   113.504    -3.98   16.10
 -34473.914   112.951    -1.93   16.49
 -34187.964   111.971    -3.43   17.00
 -33901.991   108.960   -10.53   16.05
 -33615.997   106.048   -10.18   15.19
 -33329.981   103.895    -7.53   15.12
 -33043.942   100.408   -12.19   15.55
 -32757.881    96.379   -14.08   15.46
 -32471.798    92.174   -14.70   14.28
 -32185.692    90.395    -6.22   13.70
 -31899.565    91.637     4.34   16.82
 -31613.415    96.883    18.33   22.19
 -31327.243   102.864    20.90   25.04
 -31041.049   106.525    12.79   24.34
 -30754.832   109.089     8.96   22.65
 -30468.593   107.832    -4.39   23.19
 -30182.332   104.504   -11.63   23.56
 -29896.049    99.148   -18.71   22.62
 -29609.744    93.740   -18.89   19.47
 -29323.416    89.823   -13.68   18.39
 -29037.066    86.088   -13.04   17.48
 -28750.694    82.703   -11.82   19.51
 -28464.299    78.688   -14.02   21.99
 -28177.882    76.080    -9.11   24.30
 -27891.443    70.548   -19.31   25.08
 -27604.981    61.786   -30.58   25.07
 -27318.498    55.610   -21.56   23.88
 -27031.992    51.595   -14.01   23.11
 -26745.463    48.949    -9.24   22.01
 -26458.913    46.574    -8.29   21.20
 -26172.340    43.939    -9.19   19.94
 -25885.744    42.803    -3.96   19.43
 -25599.126    44.634     6.39   21.65
 -25312.486    47.615    10.40   25.01
 -25025.824    51.710    14.29   27.33
 -24739.139    55.135    11.95   28.32
 -24452.432    61.498    22.19   29.52
 -24165.703    68.337    23.85   29.09
 -23878.951    75.980    26.66   28.53
 -23592.177    80.137    14.49   27.69
 -23305.380    82.824     9.37   25.79
 -23018.561    79.959    -9.99   27.77
 -22731.720    77.726    -7.79   26.72
 -22444.856    76.492    -4.30   24.16
 -22157.970    74.640    -6.46   21.68
 -21871.062    71.792    -9.92   18.94
 -21584.131    71.116    -2.36   17.60
 -21297.177    71.437     1.12   15.08
 -21010.201    71.633     0.68   12.95
 -20723.203    70.779    -2.98   10.94
 -20436.183    69.781    -3.47    8.95
 -20149.139    68.081    -5.92    7.81
 -19862.074    65.037   -10.61    8.44
 -19574.986    60.703   -15.09    9.76
 -19287.875    56.226   -15.60   10.45
 -19000.743    51.287   -17.20   10.15
 -18713.587    46.659   -16.12    9.22
 -18426.409    42.703   -13.77    7.32
 -18139.209    39.415   -11.45    6.09
 -17851.986    35.803   -12.57    6.33
 -17564.741    31.992   -13.27    7.17
 -17277.473    28.737   -11.33    7.58
 -16990.183    25.453   -11.43    7.53
 -16702.870    22.655    -9.74    7.15
 -16415.535    19.703   -10.27    5.72
 -16128.177    17.239    -8.58    3.18
 -15840.796    15.576    -5.79    2.68
 -15553.394    14.603    -3.39    2.42
 -15265.968    14.026    -2.01    2.32
 -14978.520    13.458    -1.98    2.39
 -14691.050    12.779    -2.36    2.41
 -14403.557    12.093    -2.38    2.55
 -14116.041    11.250    -2.93    2.40
 -13828.503    10.570    -2.37    2.19
 -13540.942    10.103    -1.62    1.93
 -13253.359     9.837    -0.93    1.67
 -12965.753     9.421    -1.45    1.56
 -12678.124     9.181    -0.83    1.64
 -12390.473     8.754    -1.49    2.11
 -12102.800     8.344    -1.42    2.38
 -11815.103     7.971    -1.30    2.54
 -11527.384     7.015    -3.32    2.74
 -11239.643     6.311    -2.44    2.75
 -10951.879     4.415    -6.59    3.83
 -10664.092     2.685    -6.01    4.30
 -10376.283     0.993    -5.88    4.22
 -10088.451     1.240     0.86    5.25
  -9800.596     2.454     4.22    6.43
  -9512.719     4.395     6.74    7.81
  -9224.819     7.004     9.06    7.93
  -8936.896     9.732     9.48    6.81
  -8648.951    12.237     8.70    5.05
  -8360.983    13.402     4.05    2.94
  -8072.993    12.970    -1.50    3.37
  -7784.979    12.090    -3.06    3.61
  -7496.943    10.941    -3.99    3.85
  -7208.885     9.455    -5.16    4.80
  -6920.803     7.851    -5.57    5.47
  -6632.699     5.895    -6.79    5.71
  -6344.573     4.399    -5.19    5.85
  -6056.423     3.068    -4.62    6.03
  -5768.251     1.930    -3.95    5.96
  -5480.056     0.727    -4.17    5.37
  -5191.838    -0.029    -2.62    4.53
  -4903.598    -0.414    -1.34    3.56
  -4615.335    -0.431    -0.06    2.51
  -4327.049     0.079     1.77    2.74
  -4038.740     0.604     1.82    2.83
  -3750.409     1.132     1.83    2.85
  -3462.055     1.504     1.29    2.86
  -3173.678     1.839     1.16    2.80
  -2885.278     2.091     0.87    2.69
  -2596.856     2.142     0.18    2.60
  -2308.410     2.320     0.62    2.69
  -2019.942     2.302    -0.06    2.76
  -1731.451     2.134    -0.58    2.75
  -1442.938     1.926    -0.72    2.77
  -1154.401     1.558    -1.27    2.61
   -865.842     1.334    -0.78    2.45
   -577.260     1.015    -1.11    2.16
   -288.655     0.695    -1.11    1.62
     -0.027     0.466    -0.79    1.24
    288.623     0.311    -0.54    0.72
    577.297     0.388     0.27    0.85
    865.993     0.493     0.36    1.06
   1154.712     0.827     1.16    1.42
   1443.454     1.302     1.64    1.68
   1732.219     1.735     1.50    1.83
   2021.007     2.322     2.03    1.85
   2309.818     2.905     2.02    1.74
   2598.651     3.259     1.23    1.71
   2887.508     3.681     1.46    1.63
   3176.387     4.068     1.34    1.36
   3465.289     4.294     0.78    1.08
   3754.214     4.443     0.52    0.97
   4043.162     4.531     0.30    0.92
   4332.133     4.632     0.35    0.92
   4621.127     4.619    -0.04    0.85
   4910.144     4.674     0.19    0.80
   5199.184     4.799     0.43    0.67
   5488.246     4.916     0.40    0.58
   5777.332     4.917     0.00    0.49
   6066.440     4.972     0.19    0.36
   6355.572     5.046     0.26    0.42
   6644.726     5.036    -0.04    0.46
   6933.904     5.025    -0.04    0.56
   7223.104     5.048     0.08    0.73
   7512.328     5.080     0.11    0.84
   7801.574     5.142     0.22    0.88
   8090.844     5.212     0.24    0.92
   8380.136     5.206    -0.02    0.87
   8669.451     5.167    -0.14    0.78
   8958.790     5.223     0.20    0.66
   9248.151     5.395     0.59    0.80
   9537.536     5.525     0.45    0.92
   9826.943     5.796     0.94    1.47
  10116.374     5.791    -0.02    1.66
  10405.827     5.721    -0.24    1.94
  10695.304     5.509    -0.73    2.26
  10984.804     5.471    -0.13    2.46
  11274.326     5.525     0.19    2.69
  11563.872     5.587     0.22    2.81
  11853.441     5.451    -0.47    2.69
  12143.033     5.417    -0.12    2.79
  12432.648     5.337    -0.28    2.91
  12722.286     5.015    -1.11    2.91
  13011.947     4.621    -1.36    2.91
  13298.325     4.421    -0.70    2.72
  13583.152     4.536     0.40    2.70
  13868.001     4.482    -0.19    2.74
  14152.872     4.619     0.48    2.78
  14437.765     4.971     1.23    2.83
  14722.680     5.574     2.12    2.73
  15007.617     6.112     1.89    2.48
  15292.576     6.667     1.95    2.20
  15577.557     7.134     1.64    1.75
  15862.560     7.322     0.66    1.25
  16147.585     7.215    -0.38    0.97
  16432.632     6.992    -0.78    0.96
  16717.701     7.004     0.04    0.97
  17002.792     6.835    -0.59    1.14
  17287.905     6.659    -0.62    1.19
  17573.040     6.599    -0.21    1.23
  17858.198     6.710     0.39    1.33
  18143.377     6.795     0.30    1.30
  18428.578     6.992     0.69    1.37
  18713.801     7.148     0.55    1.42
  18999.047     7.326     0.62    1.35
  19284.314     7.464     0.48    1.41
  19569.604     8.366     3.16    4.22
  19854.916    10.326     6.87    8.06
  20140.249    13.498    11.12   11.18
  20425.605    16.703    11.23   12.97
  20710.983    19.080     8.33   13.61
  20996.383    21.168     7.32   13.43
  21281.805    22.917     6.13   12.58
  21567.250    23.873     3.35   11.47
  21852.716    24.754     3.08   10.36
  22138.205    25.799     3.66    8.99
  22423.715    26.275     1.67    7.69
  22709.248    26.832     1.95    6.56
  22994.803    26.899     0.23    5.95
  23280.380    26.025    -3.06    5.50
  23565.979    24.982    -3.65    4.56
  23851.601    24.113    -3.04    3.76
  24137.244    23.471    -2.25    2.87
  24422.910    22.972    -1.75    2.48
  24708.598    22.515    -1.60    2.13
  24994.308    22.109    -1.42    1.58
  25280.040    21.982    -0.45    1.38
  25565.795    21.982     0.00    1.24
  25851.571    22.004     0.08    1.11
  26137.370    22.151     0.52    1.04
  26423.191    22.204     0.18    0.98
  26709.035    22.330     0.44    0.92
  26994.900    22.445     0.40    0.91
  27280.788    22.574     0.45    0.94
  27566.698    22.830     0.90    0.82
  27852.630    22.938     0.38    0.87
  28138.584    23.154     0.76    0.87
  28424.561    23.322     0.59    0.83
  28710.560    23.337     0.05    0.85
  28996.581    23.415     0.27    0.83
  29282.625    23.492     0.27    0.90
  29568.690    23.603     0.39    0.96
  29854.778    23.795     0.67    0.98
  30140.889    23.981     0.65    0.93
  30427.021    24.115     0.47    0.84
  30713.176    24.203     0.31    0.90
  30999.353    24.170    -0.12    0.86
  31285.553    24.270     0.35    0.86
  31571.774    24.437     0.58    0.94
  31858.018    24.543     0.37    0.97
  32144.285    24.592     0.17    0.98
  32430.573    24.608     0.05    1.14
  32716.884    24.626     0.06    1.28
  33003.218    24.645     0.07    1.31
  33289.574    24.515    -0.46    1.39
  33575.952    24.603     0.31    1.51
  33862.352    24.659     0.19    1.61
  34148.775    24.591    -0.24    1.58
  34435.220    24.828     0.83    1.78
  34721.687    25.232     1.41    2.01
  35008.177    25.552     1.12    2.03
  35294.689    26.004     1.58    2.13
  35581.224    26.536     1.86    2.20
  35867.781    26.899     1.26    2.03
  36154.360    27.195     1.04    1.87
  36440.962    27.156    -0.14    1.81
  36727.586    27.037    -0.42    1.65
  37014.233    27.156     0.42    1.44
  37300.902    27.270     0.40    1.34
  37587.594    27.640     1.29    1.45
  37874.307    28.130     1.71    1.64
  38161.044    28.525     1.38    1.60
  38447.803    28.883     1.25    1.45
  38734.584    29.259     1.31    1.31
  39021.387    29.540     0.98    1.16
  39308.213    29.688     0.52    1.13
  39595.062    29.717     0.10    1.18
  39881.933    29.873     0.55    1.23
  40168.827    30.168     1.03    1.33
  40455.743    30.398     0.80    1.37
  40742.681    30.462     0.23    1.38
  41029.642    30.498     0.13    1.28
  41316.625    30.525     0.09    1.28
  41603.631    30.541     0.06    1.15
  41890.660    30.449    -0.32    1.09
  42177.711    30.434    -0.05    1.01
  42464.784    30.406    -0.10    0.94
  42751.880    30.488     0.28    0.94
  43038.999    30.606     0.41    0.85
  43326.140    30.699     0.33    0.90
  43613.304    30.799     0.35    0.97
  43900.490    30.947     0.51    1.01
  44187.698    31.069     0.42    1.19
  44474.930    31.348     0.97    1.39
  44762.184    31.603     0.89    1.67
  45049.460    31.803     0.70    1.93
  45336.759    32.270     1.62    1.99
  45624.080    32.547     0.96    1.90
  45911.425    32.947     1.39    1.54
  46198.791    33.081     0.47    1.47
  46486.181    33.003    -0.27    1.37
  46773.592    32.861    -0.50    1.15
  47061.027    32.850    -0.04    1.10
  47348.484    32.830    -0.07    1.27
  47635.964    32.826    -0.01    1.31
  47923.466    32.448    -1.31    1.58
  48210.991    32.058    -1.36    1.73
  48498.539    31.762    -1.03    1.74
  48786.109    31.278    -1.68    1.72
  49073.702    30.790    -1.70    1.56
  49361.318    30.415    -1.30    1.60
  49648.956    29.958    -1.59    1.75
  49936.617    29.674    -0.99    1.88
  50224.300    29.289    -1.34    1.89
  50512.007    28.685    -2.10    1.71
  50799.735    28.137    -1.91    1.53
  51087.487    27.848    -1.00    1.44
  51375.261    27.597    -0.87    1.37
  51663.058    27.674     0.27    1.36
  51950.878    27.670    -0.01    1.26
  52238.720    28.112     1.54    2.11
  52526.586    28.993     3.06    3.35
  52814.473    30.112     3.89    3.90
  53102.384    31.123     3.51    4.06
  53390.317    32.262     3.95    3.84
  53678.273    33.477     4.22    3.54
  53966.252    34.369     3.10    2.83
  54254.254    34.641     0.94    2.37
  54542.278    34.941     1.04    2.10
  54830.325    35.425     1.68    2.08
  55118.395    35.982     1.93    1.74
  55406.487    36.197     0.75    1.63
  55694.603    35.971    -0.79    1.94
  55982.741    35.408    -1.95    2.34
  56270.902    34.671    -2.56    2.72
  56559.085    33.802    -3.02    2.81
  56847.292    32.884    -3.18    2.67
  57135.521    31.929    -3.32    2.15
  57423.773    31.323    -2.10    1.36
  57712.048    31.629     1.06    1.80
  58000.346    32.504     3.03    2.56
  58288.666    33.746     4.31    3.16
  58577.010    35.455     5.93    3.76
  58865.376    37.429     6.85    4.05
  59153.765    39.179     6.07    3.84
  59442.177    40.348     4.05    3.37
  59730.612    41.344     3.45    2.71
  60019.070    41.735     1.35    2.46
  60307.550    41.960     0.78    2.37
  60596.054    41.546    -1.43    2.56
  60884.580    41.056    -1.70    2.79
  61173.129    40.312    -2.58    2.58
  61461.701    39.541    -2.67    2.30
  61750.296    38.703    -2.91    2.02
  62038.914    37.918    -2.72    1.95
  62327.555    37.015    -3.13    1.94
  62616.218    36.770    -0.85    2.21
  62904.905    37.645     3.03    3.88
  63193.614    39.262     5.60    5.50
  63482.347    42.069     9.72    7.05
  63771.102    44.657     8.96    7.06
  64059.881    47.176     8.72    5.90
  64348.682    49.451     7.88    3.78
  64637.506    50.294     2.92    2.48
  64926.353    50.341     0.16    2.40
  65215.223    49.580    -2.63    2.31
  65504.116    49.101    -1.66    2.18
  65793.033    48.887    -0.74    2.25
  66081.972    48.928     0.14    2.32
  66370.934    49.080     0.53    2.38
  66659.919    49.101     0.07    2.21
  66948.927    49.254     0.53    1.79
  67237.958    49.423     0.59    1.67
  67527.012    49.487     0.22    1.68
  67816.089    49.770     0.98    1.93
  68105.189    49.960     0.66    2.20
  68394.312    50.526     1.96    2.55
  68683.458    51.504     3.38    2.74
  68972.628    52.759     4.34    2.78
  69261.820    53.726     3.34    2.18
  69551.035    54.223     1.72    1.70
  69840.274    53.859    -1.26    2.13
  70129.535    53.308    -1.90    2.54
  70418.820    52.770    -1.86    2.64
  70708.127    52.603    -0.58    2.60
  70997.458    52.601    -0.01    2.69
  71286.812    53.112     1.77    3.10
  71576.188    54.308     4.13    3.70
  71865.588    56.093     6.17    3.97
  72155.011    57.859     6.10    3.60
  72444.458    59.069     4.18    2.80
  72733.927    59.819     2.59    2.26
  73023.419    60.243     1.46    2.22
  73312.935    60.248     0.02    2.31
  73602.473    60.103    -0.50    2.63
  73892.035    59.915    -0.65    2.74
  74181.620    59.729    -0.64    2.99
  74471.228    59.459    -0.93    3.52
  74760.859    58.465    -3.43    4.54
  75050.514    56.711    -6.06    5.81
  75335.772    54.315    -8.40    6.35
  75620.599    51.234   -10.82    6.24
  75905.448    48.525    -9.51    5.45
  76190.319    46.081    -8.58    4.49
  76475.212    44.492    -5.58    3.57
  76760.128    43.615    -3.08    3.05
  77045.065    43.273    -1.20    2.48
  77330.025    43.134    -0.49    2.38
  77615.006    43.283     0.52    2.12
  77900.010    43.294     0.04    2.18
  78185.035    42.810    -1.70    2.70
  78470.083    41.983    -2.90    3.07
  78755.153    40.869    -3.91    3.13
  79040.245    39.738    -3.97    3.14
  79325.358    38.515    -4.29    2.88
  79610.495    37.391    -3.94    2.34
  79895.653    36.749    -2.25    2.07
  80180.833    36.192    -1.95    1.95
  80466.035    36.100    -0.32    1.89
  80751.260    36.101     0.00    2.04
  81036.506    36.498     1.39    2.25
  81321.775    37.283     2.75    2.70
  81607.066    38.227     3.31    2.85
  81892.379    39.047     2.87    2.83
  82177.714    39.905     3.01    2.83
  82463.072    41.212     4.58    3.33
  82748.451    42.348     3.98    3.83
  83033.853    43.070     2.53    4.04
  83319.277    42.536    -1.87    4.66
  83604.723    41.215    -4.63    5.20
  83890.191    39.892    -4.63    5.43
  84175.681    38.569    -4.64    5.10
  84461.194    36.884    -5.90    4.37
  84746.728    35.438    -5.06    2.95
  85032.285    34.915    -1.83    1.61
  85317.864    34.981     0.23    1.43
  85603.466    34.993     0.04    1.45
  85889.089    34.685    -1.08    1.54
  86174.735    34.732     0.16    1.56
  86460.403    34.586    -0.51    1.56
  86746.093    34.493    -0.33    1.53
  87031.806    34.802     1.08    1.64
  87317.541    35.035     0.82    1.75
  87603.298    35.398     1.27    1.79
  87889.077    36.165     2.69    1.85
  88174.878    36.692     1.84    1.94
  88460.702    37.174     1.69    2.07
  88746.548    37.650     1.66    2.16
  89032.416    38.312     2.32    2.33
  89318.307    39.305     3.47    2.69
  89604.220    41.982     9.36    6.50
  89890.155    46.151    14.58    9.81
  90176.113    50.358    14.71   11.04
  90462.092    54.589    14.79   10.77
  90748.094    58.270    12.87    9.26
  91034.119    60.653     8.33    6.70
  91320.166    62.283     5.70    3.33
  91606.235    61.557    -2.54    3.33
  91892.326    60.574    -3.44    3.34
  92178.440    60.102    -1.65    3.27
  92464.576    60.179     0.27    3.81
  92750.734    61.167     3.45    4.67
  93036.915    62.751     5.54    5.43
  93323.118    64.762     7.03    5.49
  93609.344    66.937     7.60    4.37
  93895.592    68.315     4.81    3.61
  94181.862    69.319     3.51    3.49
  94468.155    69.330     0.04    4.03
  94754.470    69.178    -0.53    4.14
  95040.807    69.459     0.98    4.14
  95327.167    69.745     1.00    3.94
  95613.549    70.563     2.86    3.94
  95899.954    71.597     3.61    3.90
  96186.381    72.873     4.46    4.23
  96472.830    74.537     5.81    3.99
  96759.302    75.637     3.84    3.97
  97045.796    76.724     3.80    4.55
  97332.313    77.928     4.20    4.84
  97618.852    79.162     4.31    5.19
  97905.414    80.402     4.33    5.47
  98191.998    82.036     5.70    6.10
  98478.605    83.762     6.02    6.27
  98765.234    85.171     4.92    6.63
  99051.885    86.369     4.18    6.33
  99338.559    87.025     2.29    6.00
  99625.256    87.461     1.52    6.18
  99911.975    87.190    -0.95    6.40
 100198.716    86.660    -1.85    6.69
 100485.480    85.398    -4.40    6.97
 100772.267    84.206    -4.15    7.72
 101059.075    82.320    -6.58    8.16
 101345.907    79.556    -9.64    7.71
 101632.761    76.351   -11.17    7.42
 101919.638    73.312   -10.59    6.88
 102206.537    71.047    -7.90    5.76
 102493.458    69.319    -6.02    4.60
 102780.402    69.825     1.76    6.14
 103067.369    71.504     5.85    8.55
 103354.358    74.330     9.85   10.38
 103641.370    78.146    13.30   11.67
 103928.404    83.610    19.04   12.05
 104215.461    89.047    18.94   10.83
 104502.541    94.541    19.14    9.07
 104789.643    98.570    14.03    8.61
 105076.768   101.726    10.99    8.50
 105363.915   104.326     9.06    7.62
 105651.085   105.851     5.31    6.00
 105938.277   106.178     1.14    5.43
 106225.493   105.270    -3.16    5.73
 106512.730   103.759    -5.26    6.42
 106799.991   102.112    -5.73    6.68
 107087.274   100.504    -5.60    6.75
 107374.579    99.547    -3.33    7.61
 107661.907    98.603    -3.28    8.61
 107949.258    98.157    -1.55    9.56
 108236.632    97.601    -1.93   10.74
 108524.028    97.330    -0.95   10.89
 108811.447    97.740     1.43   10.02
 109098.889    98.542     2.79    9.16
 109386.353   100.530     6.92    9.05
 109673.840   102.681     7.48    8.54
 109961.349   104.319     5.70    7.82
 110248.881   105.940     5.64    7.11
 110536.436   106.455     1.79    6.84
 110824.014   105.057    -4.86    8.01
 111111.614   101.910   -10.94    8.97
 111399.238    97.857   -14.10    9.36
 111686.883    94.163   -12.84    9.67
 111974.552    92.025    -7.43    9.50
 112262.243    89.941    -7.25    9.14
 112549.957    88.025    -6.66    9.32
 112837.694    86.153    -6.51    9.59
 113125.453    84.885    -4.40   10.25
 113413.236    84.525    -1.25   10.58
 113701.041    84.190    -1.17   10.16
 113988.868    82.983    -4.19    9.13
 114276.719    82.472    -1.78    8.06
 114564.592    82.834     1.26    7.78
 114852.488    84.197     4.74    8.06
 115140.407    86.525     8.09    8.66
 115428.349    89.857    11.57    8.56
 115716.313    93.238    11.74    8.79
 116004.301    97.498    14.80    8.51
 116292.311   102.498    17.36    7.84
 116580.343   106.174    12.76    6.96
 116868.399   108.717     8.83    5.66
 117156.478   110.438     5.98    4.20
 117444.579   110.850     1.43    3.71
 117732.703   109.732    -3.88    5.12
 118020.850   107.575    -7.49    6.32
 118309.020   104.460   -10.81    7.02
 118597.213   101.415   -10.57    6.98
 118885.429    97.949   -12.02    7.17
 119173.667    94.493   -11.99    7.12
 119461.929    91.036   -11.99    6.69
 119750.213    88.226    -9.75    6.10
 120038.520    86.048    -7.55    5.48
 120326.850    83.949    -7.28    5.15
 120615.203    82.254    -5.88    4.56
 120903.579    80.993    -4.37    4.41
 121191.977    79.981    -3.51    4.21
 121480.399    79.237    -2.58    4.10
 121768.844    78.208    -3.57    4.09
 122057.311    77.134    -3.72    3.93
 122345.801    76.015    -3.88    3.91
 122634.315    74.881    -3.93    3.76
 122922.851    73.732    -3.98    3.70
 123211.410    72.254    -5.12    3.68
 123499.992    70.685    -5.44    3.67
 123788.598    69.091    -5.52    3.12
 124077.226    67.828    -4.38    2.69
 124365.877    66.898    -3.22    2.27
 124654.551    66.938     0.14    3.79
 124943.248    69.706     9.59    9.53
 125231.968    74.101    15.22   13.32
 125520.711    79.120    17.38   15.51
 125809.477    85.133    20.83   16.48
 126098.266    90.598    18.93   15.43
 126387.078    97.262    23.08   11.27
 126675.913   101.219    13.70    8.88
 126964.771   102.305     3.76    8.92
 127253.652   103.410     3.83    8.28
 127542.556   104.796     4.80    7.72
 127831.484   106.323     5.29    7.10
 128120.434   108.047     5.97    6.37
 128409.407   109.772     5.97    5.47
 128698.403   111.160     4.80    4.80
 128987.423   112.376     4.21    3.88
 129276.465   113.461     3.75    3.04
 129565.531   114.174     2.47    2.25
 129854.619   114.223     0.17    1.89
 130143.731   113.922    -1.04    1.93
 130432.866   113.089    -2.88    2.78
 130722.024   111.610    -5.11    3.70
 131011.205   109.751    -6.43    4.85
 131300.409   107.712    -7.05    5.75
 131589.636   105.193    -8.71    6.54
 131878.887   102.238   -10.22    6.90
 132168.160    98.993   -11.22    7.03
 132457.457    95.667   -11.50    6.66
 132746.776    92.567   -10.72    6.33
 133036.119    90.025    -8.78    5.66
 133325.485    87.713    -7.99    5.07
 133614.875    85.362    -8.13    4.59
 133904.287    82.825    -8.77    4.27
 134193.723    80.875    -6.74    4.07
 134483.181    79.467    -4.86    3.49
 134772.663    79.326    -0.49    3.79
 135062.168    80.887     5.39    6.10
 135351.696    84.187    11.40    8.82
 135641.248    88.046    13.33    9.77
 135930.823    92.026    13.74    8.94
 136220.420    94.906     9.95    7.00
 136510.042    97.091     7.55    4.22
 136799.686    97.773     2.35    3.24
 137088.656    97.619    -0.53    3.67
 137373.435    97.459    -0.56    4.18
 137658.236    97.232    -0.80    4.70
 137943.059    97.351     0.42    4.79
 138227.904    97.623     0.95    4.90
 138512.771    97.659     0.13    4.86
 138797.660    97.591    -0.24    4.83
 139082.571    97.199    -1.37    4.69
 139367.505    96.634    -1.98    4.33
 139652.460    95.667    -3.40    3.96
 139937.438    94.743    -3.24    3.51
 140222.437    93.646    -3.85    3.35
 140507.459    92.212    -5.03    3.40
 140792.503    90.791    -4.99    3.43
 141077.569    88.793    -7.01    3.61
 141362.657    86.844    -6.84    3.77
 141647.767    84.808    -7.14    3.76
 141932.900    83.035    -6.22    3.58
 142218.054    81.195    -6.45    3.23
 142503.231    79.525    -5.86    2.96
 142788.430    77.846    -5.89    2.77
 143073.651    76.577    -4.45    2.53
 143358.894    75.466    -3.89    2.43
 143644.160    74.219    -4.37    2.43
 143929.448    73.174    -3.66    2.49
 144214.757    71.982    -4.18    2.73
 144500.089    70.580    -4.91    3.09
 144785.443    69.322    -4.41    3.00
 145070.820    68.203    -3.92    2.76
 145356.218    67.308    -3.14    2.62
 145641.639    66.167    -4.00    2.47
 145927.082    65.210    -3.35    2.26
 146212.548    64.259    -3.33    2.12
 146498.035    63.428    -2.91    1.89
 146783.545    62.601    -2.89    1.65
 147069.077    62.047    -1.94    1.52
 147354.631    61.678    -1.29    1.42
 147640.207    61.623    -0.19    1.38
 147925.806    61.738     0.40    1.40
 148211.427    63.056     4.62    4.22
 148497.070    66.153    10.84    8.17
 148782.736    71.467    18.61   12.26
 149068.424    77.857    22.37   14.24
 149354.134    83.973    21.41   13.50
 149639.866    88.702    16.55   10.70
 149925.621    91.951    11.37    6.87
 150211.398    92.759     2.83    5.00
 150497.197    91.160    -5.59    6.35
 150783.019    88.067   -10.83    7.62
 151068.863    84.638   -12.00    7.90
 151354.729    81.617   -10.57    7.19
 151640.618    79.306    -8.08    5.53
 151926.528    78.302    -3.51    4.19
 152212.462    78.810     1.78    4.63
 152498.417    80.626     6.35    5.55
 152784.395    83.201     9.01    6.00
 153070.396    86.165    10.36    5.61
 153356.418    89.262    10.83    5.05
 153642.463    91.395     7.46    4.15
 153928.531    93.102     5.97    3.27
 154214.621    94.123     3.57    2.57
 154500.733    94.653     1.85    1.96
 154786.867    94.864     0.74    1.46
 155073.024    94.470    -1.38    1.74
 155359.204    93.574    -3.13    2.16
 155645.405    92.451    -3.92    2.73
 155931.630    90.864    -5.54    3.45
 156217.876    88.899    -6.87    3.90
 156504.145    86.759    -7.47    4.16
 156790.437    84.488    -7.93    4.34
 157076.751    82.402    -7.29    4.46
 157363.087    80.270    -7.44    4.25
 157649.446    78.417    -6.47    3.67
 157935.827    77.223    -4.17    3.26
 158222.231    76.635    -2.05    3.30
