#  122.653   0.282   1.180 ;Mean Elev.(m), Avg Gradient(m/km), RMS Gradient(m/km) - SRTM1     
#  108.963   0.473   2.351 ;Mean Elev.(m), Avg Gradient(m/km), RMS Gradient(m/km) - ASTER GDEM
#  122.580   0.313   1.137 ;Mean Elev.(m), Avg Gradient(m/km), RMS Gradient(m/km) - GMTED2010 
   1 127.741245  50.413428   127.432   127.417  4 54659.08756074 51.162
   2 127.741876  50.415121   126.769   126.740  3 54669.00320737 52.584
   4 127.742595  50.418973   127.423   127.416  4 54688.83449510 51.539
   6 127.742100  50.414213   126.479   126.497  3 54708.66577819 24.582
   9 127.741165  50.415549   191.165   191.502  4 54738.41272634 24.214
  10 127.742050  50.419085   126.479   126.500  4 54748.32837458 51.027
  11 127.742907  50.421799   126.127   126.139  4 54758.24402240 35.215
  12 127.742116  50.420467   126.208   126.223  5 54768.15966720 29.319
  13 127.742012  50.417279   173.080   173.190  3 54778.07530835 18.725
  14 127.741230  50.413624   172.966   173.187  4 54787.99094683 19.221
  15 127.741669  50.412930   188.220   188.100  4 54797.90658474 17.642
  16 127.741203  50.412690   126.970   126.935  4 54807.82222242 38.320
  17 127.741891  50.412721   127.047   127.037  4 54817.73785967 30.975
  18 127.742066  50.414935   126.945   126.951  3 54827.65351008 24.386
  19 127.741752  50.417267   126.812   126.785  4 54837.56914935 20.155
  20 127.742039  50.421143   126.863   126.868  4 54847.48479936 18.820
  21 127.740791  50.423074   126.870   126.848  5 54857.40044847 17.560
  22 127.741202  50.425335   127.029   127.003  4 54867.31609792 16.843
  23 127.740289  50.424135   127.017   126.985  5 54877.23174604 15.837
  24 127.742041  50.422964   126.999   126.955  5 54887.14739136 14.573
  25 127.742703  50.421261   126.914   126.904  4 54897.06303305 13.695
  26 127.741776  50.419861   126.928   126.946  4 54906.97867185 13.983
  27 127.742795  50.420681   127.005   127.028  4 54916.89430986 13.764
  28 127.741455  50.418869   127.001   127.018  4 54926.80994697 35.568
  29 127.741448  50.416327   126.834   126.784  4 54936.72558342 25.434
  30 127.741710  50.412460   127.631   127.672  4 54946.64121783 42.407
  31 127.740637  50.406664   127.211   127.220  6 54956.55684970 35.681
  32 127.740826  50.408108   127.271   127.288  6 54966.47249851 51.424
  33 127.741278  50.411223   127.154   127.153  4 54976.38814683 44.830
  34 127.742527  50.415261   185.748   182.166  4 54986.30379545 20.013
  35 127.742119  50.416489   126.973   126.953  4 54996.21944355 33.888
  36 127.742185  50.417506   127.192   127.200  4 55006.13509002 51.468
  38 127.742479  50.420657   127.119   127.099  5 55025.96637712 50.929
  39 127.741816  50.421924   126.729   126.778  5 55035.88201920 43.302
  40 127.741733  50.420887   126.591   126.595  5 55045.79766006 24.340
  41 127.742197  50.416853   126.852   126.849  4 55055.71329863 34.104
  42 127.740631  50.410079   173.954   173.979  5 55065.62893425 22.721
  43 127.740221  50.410017   127.229   127.254  5 55075.54458263 52.071
  44 127.742001  50.414781   128.230   128.192  4 55085.46023149 52.953
  45 127.742008  50.418453   127.495   127.404  4 55095.37587853 30.953
  46 127.741799  50.419663   127.796   127.788  4 55105.29152500 40.756
  47 127.741910  50.418932   127.385   127.378  4 55115.20717092 48.927
  48 127.741419  50.416216   126.858   126.861  4 55125.12281404 49.933
  49 127.742294  50.415179   126.193   126.198  4 55135.03845485 51.918
  50 127.741438  50.413944   126.079   126.070  4 55144.95409320 48.585
  51 127.741800  50.415074   126.343   126.372  4 55154.86973122 48.283
  52 127.741233  50.414731   126.910   126.904  4 55164.78536911 37.566
  53 127.741572  50.413907   127.181   127.216  4 55174.70100677 23.696
  54 127.741355  50.411770   126.861   126.903  5 55184.61664598 17.949
  55 127.741996  50.415260   127.076   127.093  4 55194.53229771 16.778
  56 127.741940  50.419775   127.127   127.135  4 55204.44794838 17.226
  57 127.741411  50.423232   127.093   127.102  4 55214.36359828 16.837
  58 127.741078  50.424102   127.069   127.051  5 55224.27924731 15.771
  59 127.742126  50.422810   126.895   126.897  4 55234.19489437 15.115
  60 127.742518  50.418858   126.874   126.841  4 55244.11053761 14.678
  61 127.741240  50.415841   126.776   126.793  4 55254.02617774 13.501
  62 127.742425  50.418374   126.828   126.819  4 55263.94181697 13.236
  63 127.742127  50.420257   126.832   126.823  5 55273.85745487 12.689
  64 127.741720  50.418834   126.869   126.884  4 55283.77309167 11.581
  65 127.742244  50.414391   126.549   126.483  3 55293.68872659 39.089
  66 127.740526  50.407833   126.583   126.576  6 55303.60436205 30.988
  67 127.740493  50.408103   127.033   127.063  6 55313.52000943 44.852
  68 127.741623  50.411882   126.817   126.845  5 55323.43565558 30.864
  69 127.741612  50.415432   174.052   173.920  4 55333.35130043 24.769
  70 127.741788  50.417898   176.458   176.460  3 55343.26694504 12.730
  71 127.741979  50.417764   127.222   127.211  4 55353.18258881 40.330
  72 127.742027  50.416572   127.217   127.213  4 55363.09823020 53.680
  73 127.741950  50.416137   128.246   128.251  3 55373.01386976 49.914
  74 127.741994  50.416809   174.849   174.822  4 55382.92950808 26.461
  75 127.741711  50.416908   127.586   127.590  4 55392.84514543 35.324
  76 127.741915  50.414597   129.812   129.814  3 55402.76078079 51.537
  77 127.742157  50.413817   128.279   128.337  3 55412.67643224 52.781
  78 127.740688  50.410756   127.798   127.826  5 55422.59208064 34.849
  79 127.741282  50.410863   175.667   175.777  4 55432.50772720 26.592
  80 127.741095  50.414017   127.935   127.949  4 55442.42337244 52.220
  81 127.741909  50.418278   126.981   126.983  3 55452.33901660 53.254
  82 127.741504  50.419001   126.786   126.799  4 55462.25465931 30.177
  83 127.742024  50.416260   126.323   126.317  3 55472.17029978 51.438
  84 127.740378  50.410319   126.135   126.129  5 55482.08593663 53.056
  85 127.741152  50.407798   126.407   126.411  5 55492.00157196 52.841
  86 127.740937  50.407366   125.856   125.856  6 55501.91720566 47.404
  87 127.742195  50.412577   125.991   125.960  4 55511.83285133 51.056
  88 127.742258  50.416782   126.311   126.291  4 55521.74850151 50.232
  89 127.741821  50.418061   125.575   125.595  4 55531.66414986 46.787
  90 127.741912  50.417968   127.113   127.130  3 55541.57979646 44.059
  91 127.741070  50.417431   127.193   127.172  4 55551.49544089 34.588
  92 127.742538  50.420645   127.448   127.477  5 55561.41108484 22.179
  93 127.742480  50.422039   127.209   127.204  4 55571.32672767 24.502
  94 127.742524  50.421093   127.228   127.231  5 55581.24236903 20.441
  95 127.742048  50.416362   127.059   127.057  4 55591.15800659 19.914
  96 127.740683  50.409301   126.924   126.913  5 55601.07364040 25.098
  97 127.740541  50.405254   126.676   126.684  5 55610.98927252 23.491
  98 127.740975  50.404962   126.688   126.725  5 55620.90490413 23.050
  99 127.741820  50.411916   126.936   126.947  4 55630.82055801 18.072
 100 127.742465  50.415324   126.933   126.965  4 55640.73620920 16.720
 101 127.742299  50.414183   128.637   128.858  4 55650.65185693 28.588
 102 127.741289  50.410781   126.688   126.615  5 55660.56750064 33.242
 103 127.741159  50.410104   127.122   127.145  6 55670.48314160 43.034
 104 127.742216  50.412631   126.631   126.581  4 55680.39878157 53.431
 105 127.742221  50.414294   126.658   126.725  4 55690.31441955 25.984
 106 127.743050  50.414936   126.644   126.575  4 55700.23005586 24.809
 107 127.741830  50.412824   126.609   126.582  4 55710.14569493 26.452
 108 127.742109  50.414467   175.501   175.544  4 55720.06134551 26.330
 109 127.741629  50.415992   126.877   126.855  3 55729.97699368 48.352
 110 127.740769  50.416907   126.837   126.838  4 55739.89264026 52.882
 111 127.742288  50.419262   174.342   174.244  4 55749.80828601  9.065
 112 127.741986  50.418003   126.487   126.486  4 55759.72392855 48.490
 113 127.741578  50.414822   126.197   126.198  4 55769.63956794 33.111
 114 127.741830  50.411187   126.063   126.057  5 55779.55520407 46.625
 115 127.740856  50.407261   127.115   127.167  5 55789.47083762 53.229
 116 127.741255  50.406230   126.267   126.266  6 55799.38647075 31.944
 117 127.739925  50.408352   126.000   126.040  5 55809.30211787 39.391
 118 127.741323  50.412034   126.387   126.390  4 55819.21776783 33.845
 119 127.740723  50.410529   126.269   126.291  5 55829.13341235 38.096
 120 127.741196  50.408309   126.217   126.259  5 55839.04905235 27.690
 121 127.740977  50.406562   125.995   125.979  5 55848.96468921 53.372
 122 127.740434  50.406475   125.913   125.868  6 55858.88032411 49.828
 123 127.742111  50.412411   125.865   125.860  4 55868.79597335 52.926
 124 127.742098  50.415962   125.726   125.642  3 55878.71162528 49.706
 125 127.741036  50.415539   125.702   125.688  4 55888.62726983 47.567
 126 127.741249  50.414239   126.502   126.526  4 55898.54290865 28.415
 127 127.742234  50.412691   126.293   126.295  4 55908.45854265 26.399
 128 127.741832  50.415086   126.169   126.189  3 55918.37419199 23.634
 129 127.742276  50.417997   126.285   126.289  4 55928.28984578 22.627
 130 127.742119  50.417768   126.386   126.377  4 55938.20549547 21.431
 131 127.741514  50.415497   126.369   126.385  3 55948.12113982 20.457
 132 127.742277  50.414449   126.497   126.494  3 55958.03677991 20.410
 133 127.742275  50.413705   126.413   126.393  3 55967.95241735 20.262
 134 127.743118  50.414205   126.440   126.466  4 55977.86805407 18.796
 135 127.742295  50.412010   126.413   126.363  5 55987.78368944 17.840
 136 127.740827  50.408838   126.386   126.374  6 55997.69932811 19.000
 137 127.740442  50.409343   126.180   126.167  6 56007.61497918 24.786
 138 127.740144  50.409854   126.575   126.623  5 56017.53062614 33.292
 139 127.741710  50.413555   126.637   126.637  4 56027.44627104 33.515
 140 127.742006  50.416419   126.772   126.774  3 56037.36191419 29.208
 141 127.741593  50.416711   175.347   175.537  4 56047.27755493 24.735
 142 127.741041  50.415134   174.692   174.644  4 56057.19319254 23.515
 143 127.741867  50.412441   126.654   126.666  5 56067.10882574 44.092
 144 127.742949  50.415297   126.699   126.699  4 56077.02447518 53.130
 145 127.740867  50.416599   126.224   126.270  4 56086.94012406 46.875
 146 127.740943  50.418025   126.440   126.415  4 56096.85577060 50.852
 147 127.741855  50.417601   125.932   125.934  4 56106.77141470 39.718
 148 127.742167  50.414694   126.903   126.833  3 56116.68704390 53.841
 149 127.740871  50.409982   126.080   126.078  6 56126.60268053 48.929
 150 127.741270  50.407606   126.351   126.349  5 56136.51831394 53.187
 151 127.740201  50.408632   126.192   126.188  5 56146.43395794 48.208
 152 127.741485  50.412931   126.623   126.703  4 56156.34960849 27.112
 153 127.741939  50.414927   127.141   127.170  4 56166.26525770 32.836
 154 127.742291  50.414651   127.352   127.362  4 56176.18090418 52.982
 155 127.742093  50.412629   127.648   127.636  5 56186.09654531 33.468
 156 127.742172  50.411431   127.329   127.311  5 56196.01218277 31.427
 157 127.740424  50.410203   127.047   127.015  5 56205.92781694 31.109
 158 127.740781  50.410868   174.432   174.053  5 56215.84345000 22.322
 159 127.741689  50.412081   126.601   126.582  4 56225.75908964 32.148
 160 127.741486  50.413899   126.332   126.341  4 56235.67474509 49.530
 161 127.742038  50.415282   126.377   126.347  3 56245.59039669 51.542
 162 127.742396  50.416693   126.308   126.307  4 56255.50604328 48.200
 163 127.741468  50.417537   126.261   126.242  4 56265.42168586 45.752
 164 127.742655  50.419354   127.604   127.598  4 56275.33732719 27.984
 165 127.741701  50.417824   127.613   127.597  4 56285.25297275 24.811
 166 127.741335  50.415643   127.505   127.523  4 56295.16862318 21.421
 167 127.741751  50.414076   127.518   127.519  4 56305.08426958 19.859
 168 127.741908  50.414620   127.219   127.215  4 56314.99991259 19.141
 169 127.741046  50.416157   127.241   127.238  4 56324.91555356 14.991
 170 127.741918  50.417862   127.232   127.210  4 56334.83119380 15.134
 171 127.741058  50.414833   127.287   127.301  4 56344.74683212 15.749
 172 127.740521  50.409838   127.049   127.047  5 56354.66246782 14.847
 173 127.741100  50.409179   127.075   127.106  5 56364.57811229 13.212
 174 127.742893  50.413635   127.033   127.039  4 56374.49376201 13.915
 176 127.742673  50.421670   182.067   179.902  5 56394.32505342  1.776
 177 127.742898  50.421773   127.721   127.712  4 56404.24069563 30.553
 178 127.741432  50.417842   174.988   175.195  4 56414.15633398 21.700
 179 127.742944  50.414234   174.800   174.841  4 56424.07196769 17.394
 180 127.742507  50.414376   127.683   127.656  4 56433.98761301 52.285
 181 127.742329  50.418642   128.144   128.159  4 56443.90326581 27.561
 182 127.741598  50.421390   191.417   191.910  5 56453.81891570 25.719
 183 127.742129  50.421405   128.705   128.616  4 56463.73456243 54.413
 184 127.741785  50.417651   126.953   126.943  3 56473.65020502 53.561
 185 127.742404  50.413733   127.041   127.098  4 56483.56584432 51.403
 186 127.740868  50.410601   174.353   174.276  5 56493.48148035 25.652
 187 127.740834  50.410729   129.216   129.102  5 56503.39711495 37.080
 188 127.740761  50.409938   182.199   178.611  5 56513.31274788 12.770
 189 127.741958  50.412221   178.734   178.843  5 56523.22839801 24.347
 190 127.741635  50.412053   130.132   130.122  5 56533.14405023 49.169
 192 127.742200  50.414014   128.603   128.535  3 56552.97534396 39.361
 193 127.742008  50.417445   191.803   191.859  4 56562.89098721 24.073
 194 127.741958  50.420232   191.133   190.835  5 56572.80662903  7.185
 195 127.741603  50.419413   181.338   175.150  3 56582.72226810 12.026
 198 127.741362  50.415131   126.073   126.123  4 56612.46920250 51.078
 199 127.741141  50.417209   126.423   126.413  4 56622.38484796 46.612
 200 127.742316  50.419457   126.867   126.860  4 56632.30049072 49.242
 201 127.742116  50.416774   127.554   127.559  4 56642.21612822 50.024
 202 127.742511  50.415123   127.954   127.923  4 56652.13177771 49.052
 203 127.742818  50.414241   128.178   128.173  4 56662.04742750 36.341
 204 127.741547  50.413906   128.041   128.018  4 56671.96307411 31.518
 205 127.741466  50.416993   127.941   127.939  4 56681.87871955 30.106
 206 127.742769  50.419664   127.854   127.844  4 56691.79436294 22.181
 207 127.741055  50.416383   127.790   127.830  4 56701.71000114 22.508
 208 127.741874  50.412067   127.744   127.759  4 56711.62563448 20.466
 210 127.742149  50.415751   127.783   127.803  4 56731.45693150 18.177
 211 127.742556  50.420847   127.994   127.796  4 56741.37258039 31.735
 212 127.741799  50.422866   127.869   127.860  4 56751.28822441 25.355
 213 127.742079  50.421508   127.859   127.886  5 56761.20386288 36.347
 214 127.741814  50.415858   127.065   127.039  3 56771.11949385 28.896
 215 127.741814  50.416988   126.792   126.793  4 56781.03514856 29.442
 216 127.741770  50.419487   172.039   172.039  2 56790.95080374  4.734
 217 127.741582  50.422787   173.938   174.107  4 56800.86645585 20.085
 218 127.740856  50.423371   127.583   127.590  4 56810.78210042 35.618
 219 127.742088  50.422548   128.022   128.019  4 56820.69774021 53.536
 220 127.742769  50.418185   181.223   178.080  4 56830.61337533 22.381
 221 127.741847  50.411379   126.356   126.394  5 56840.52900669 28.528
 222 127.741154  50.407961   126.745   126.712  5 56850.44464142 31.306
 223 127.741868  50.413533   126.282   126.282  4 56860.36029705 37.549
 225 127.742059  50.420154   128.123   128.056  4 56880.19160336 52.975
 226 127.742081  50.420046   126.987   126.979  4 56890.10725097 51.534
 227 127.742063  50.419829   126.396   126.423  4 56900.02289565 30.996
 228 127.741986  50.421587   126.135   126.134  4 56909.93853841 29.547
 229 127.741900  50.423140   126.423   126.415  4 56919.85417933 51.098
 230 127.741709  50.422751   126.003   125.973  5 56929.76981774 40.931
 231 127.741435  50.418975   126.243   126.240  4 56939.68545084 52.084
 232 127.741821  50.415238   125.848   125.872  4 56949.60108694 41.477
 233 127.741729  50.416181   125.973   125.973  4 56959.51673940 53.241
 234 127.742222  50.417924   125.742   125.754  4 56969.43238706 51.150
 235 127.741904  50.418050   125.667   125.692  3 56979.34803059 48.086
 236 127.742107  50.416917   126.739   126.710  4 56989.26366958 35.871
 237 127.741699  50.412107   126.396   126.408  4 56999.17930161 25.860
 238 127.742891  50.413585   126.540   126.558  4 57009.09495405 24.852
 239 127.743121  50.414843   126.544   126.550  4 57019.01060706 21.487
 240 127.741564  50.415236   126.608   126.618  4 57028.92625650 21.022
 241 127.741091  50.416913   126.536   126.556  4 57038.84190443 19.324
 242 127.741203  50.418006   126.694   126.672  4 57048.75754988 18.956
 243 127.742226  50.417548   126.662   126.682  4 57058.67319124 19.214
 244 127.741511  50.414134   126.637   126.634  4 57068.58882630 18.662
 245 127.742061  50.412307   126.465   126.489  5 57078.50445755 15.966
 246 127.741538  50.411515   126.891   126.542  5 57088.42009237 16.459
 247 127.741801  50.417803   127.549   127.378  3 57098.33575205 14.365
 248 127.742095  50.421740   126.722   126.699  4 57108.25140841 48.478
 249 127.741901  50.421389   126.790   126.812  4 57118.16705885 24.091
 250 127.742190  50.419993   126.774   126.778  4 57128.08270296 34.808
 251 127.741738  50.417988   174.744   174.647  4 57137.99834132 22.235
 252 127.741796  50.416266   126.832   126.907  4 57147.91397577 31.821
 253 127.742529  50.413905   173.762   173.885  4 57157.82960753 28.364
 254 127.741649  50.412679   126.865   126.869  4 57167.74525379 53.459
 255 127.742127  50.414472   127.463   127.371  3 57177.66091016 52.631
 256 127.741321  50.414407   126.926   126.915  4 57187.57656207 52.751
 257 127.741534  50.415505   126.603   126.593  4 57197.49221027 52.492
 258 127.741124  50.416645   126.996   126.998  4 57207.40784494 36.091
 259 127.742147  50.418637   126.545   126.553  4 57217.32349029 30.843
 260 127.741381  50.417465   126.211   126.228  4 57227.23913392 45.076
 261 127.741586  50.416031   126.601   126.671  3 57237.15477548 24.379
 262 127.741841  50.414528   127.245   127.253  3 57247.07041356 53.177
 263 127.742651  50.414590   126.512   126.507  4 57256.98604929 48.229
 264 127.742266  50.414669   126.228   126.235  3 57266.90168358 25.335
 265 127.741615  50.416044   125.975   125.989  3 57276.81732948 32.184
 266 127.740856  50.417418   125.999   125.993  4 57286.73298614 36.723
 267 127.741704  50.418229   126.019   126.026  4 57296.64863996 30.359
 268 127.742512  50.418556   126.039   126.015  4 57306.56429012 26.311
 269 127.742136  50.419586   126.033   126.063  5 57316.47993659 34.408
 270 127.742534  50.421895   125.959   125.929  5 57326.39558025 49.594
 271 127.741584  50.421105   125.595   125.575  5 57336.31122129 47.704
 272 127.741582  50.420147   125.373   125.350  4 57346.22686848 47.602
 273 127.741141  50.417821   126.198   126.207  4 57356.14251555 34.685
 274 127.741366  50.416024   126.126   126.155  3 57366.05815904 28.604
 275 127.742432  50.416263   125.991   126.018  4 57375.97379952 29.741
 276 127.741600  50.415770   126.082   126.077  3 57385.88943765 24.440
 277 127.742458  50.415569   126.123   126.158  4 57395.80507533 24.920
 278 127.742141  50.412584   126.126   126.131  4 57405.72071138 25.168
 279 127.742204  50.412498   126.235   126.204  4 57415.63636046 22.928
 280 127.742955  50.415054   126.328   126.329  4 57425.55201210 18.798
 281 127.742450  50.418543   126.375   126.392  4 57435.46766094 19.061
 282 127.741892  50.422224   126.217   126.290  4 57445.38330822 22.057
 283 127.740594  50.422988   126.335   126.353  4 57455.29895422 16.758
 284 127.741162  50.421645   126.637   126.672  4 57465.21459804 15.175
 285 127.741883  50.416888   126.417   126.378  4 57475.13023746 35.737
 286 127.742008  50.412506   126.467   126.395  5 57485.04587335 34.290
 287 127.740142  50.409279   174.111   174.139  4 57494.96150641 14.864
 288 127.740584  50.409280   126.375   126.353  5 57504.87713832 53.204
 289 127.741077  50.414545   126.786   126.811  4 57514.79279550 29.748
 290 127.742528  50.416373   127.152   127.141  4 57524.70844988 53.191
 291 127.742346  50.414379   127.637   127.613  3 57534.62410114 52.984
 292 127.742460  50.413697   127.209   127.205  4 57544.53974974 53.168
 293 127.741986  50.415099   174.545   174.646  3 57554.45539647 11.226
 294 127.741452  50.417629   126.728   126.708  4 57564.37104203 43.935
 295 127.742592  50.420260   128.513   128.523  4 57574.28668723 28.414
 296 127.741263  50.418411   128.679   128.644  4 57584.20233102 40.293
 297 127.741667  50.416714   127.556   127.550  4 57594.11797299 51.507
