#  116.378  -7.226  10.163 ;Mean Elev.(m), Avg Gradient(m/km), RMS Gradient(m/km) - SRTM1     
#  108.512  -7.340  10.428 ;Mean Elev.(m), Avg Gradient(m/km), RMS Gradient(m/km) - ASTER GDEM
#  116.013  -7.258  10.271 ;Mean Elev.(m), Avg Gradient(m/km), RMS Gradient(m/km) - GMTED2010 
   1 127.599096  50.241280   123.040   123.023 11 54662.38098357 36.309
   2 127.598971  50.240158   121.592   121.599 12 54672.29662872 34.962
   4 127.596884  50.244493   122.018   122.036 12 54692.12791395 30.273
   6 127.597125  50.244740   121.686   121.680 12 54711.95920221 51.591
   8 127.605965  50.227663   122.613   122.514  3 54731.79050565 26.762
   9 127.605083  50.225974   122.201   122.228  3 54741.70615261 36.495
  10 127.604545  50.226312   121.735   121.715  3 54751.62179903 47.866
  11 127.605601  50.225941   187.099   187.271  3 54761.53744548 21.796
  12 127.605074  50.226329   121.571   121.551  3 54771.45308923 53.303
  13 127.604947  50.226432   120.439   120.418  3 54781.36873002 48.606
  14 127.605621  50.226554   119.394   119.413  4 54791.28436845 45.770
  15 127.605348  50.229319   120.286   120.303  4 54801.20000540 43.002
  16 127.599257  50.237784   121.909   121.860 10 54811.11564094 34.517
  17 127.599071  50.240619   122.792   121.861 12 54821.03128119 29.806
  18 127.599258  50.238793   122.949   121.769 11 54830.94693397 27.496
  19 127.600348  50.235582   121.489   121.495  6 54840.86257355 25.423
  20 127.606443  50.228562   120.868   120.941  4 54850.77822437 31.369
  21 127.605692  50.229004   120.896   120.810  4 54860.69387275 33.999
  22 127.605992  50.228983   120.792   120.822  4 54870.60952129 35.830
  23 127.605483  50.228638   120.750   120.829  3 54880.52516841 42.915
  24 127.605323  50.226845   120.650   120.654  3 54890.44081262 34.246
  25 127.605198  50.224013   120.461   120.426  3 54900.35645402 36.580
  26 127.604562  50.223585   120.552   120.514  4 54910.27209307 35.654
  27 127.604372  50.225560   120.640   120.669  3 54920.18773066 40.673
  28 127.605289  50.228081   187.272   187.280  4 54930.10336790 13.979
  29 127.605804  50.230147   121.351   121.370  5 54940.01900410 44.195
  30 127.601320  50.235222   123.220   123.232  8 54949.93463768 53.267
  31 127.603200  50.233234   123.622   123.639  7 54959.85027728 34.337
  32 127.605213  50.230343   121.951   121.919  5 54969.76592659 27.292
  33 127.605174  50.231178   122.081   122.014  6 54979.68157374 30.954
  34 127.600607  50.235950   178.203   170.922  8 54989.59721953 25.010
  35 127.602642  50.233701   122.641   122.612  7 54999.51286710 36.366
  36 127.602983  50.232637   123.037   123.018  6 55009.42851255 42.119
  37 127.605128  50.230614   122.017   121.932  5 55019.34415666 28.794
  38 127.602234  50.234160   123.408   123.333  7 55029.25979817 34.850
  39 127.599581  50.238120   125.201   123.118 10 55039.17543914 35.244
  40 127.598186  50.241752   122.320   122.345 11 55049.09107910 31.963
  41 127.598630  50.242158   123.060   123.020 12 55059.00671773 41.495
  42 127.599339  50.239482   123.331   123.317 11 55068.92235774 33.798
  43 127.606318  50.228135   123.868   123.864  4 55078.83801023 53.203
  44 127.604890  50.226092   124.448   124.467  3 55088.75365804 43.607
  45 127.604549  50.226309   122.651   122.640  4 55098.66930403 54.377
  46 127.605303  50.227411   122.860   122.890  3 55108.58494938 35.472
  47 127.606171  50.227241   122.617   122.634  4 55118.50059387 53.267
  48 127.605512  50.226163   121.700   121.665  4 55128.41623603 55.565
  49 127.604484  50.225053   120.828   120.821  4 55138.33187613 47.997
  50 127.604842  50.225636   119.955   119.979  3 55148.24751467 43.291
  51 127.606540  50.228623   120.426   120.433  4 55158.16315255 46.101
  52 127.599287  50.239500   121.981   121.998 11 55168.07878812 39.194
  53 127.596320  50.244779   122.639   122.648 12 55177.99442439 28.619
  54 127.598748  50.240946   126.407   126.857 11 55187.91007009 22.226
  55 127.601644  50.234845   122.046   122.036  8 55197.82572236 24.668
  56 127.606155  50.229562   121.601   121.644  3 55207.74137349 27.148
  57 127.602351  50.233715   121.781   121.598  7 55217.65702157 25.991
  58 127.602708  50.233378   121.531   121.371  7 55227.57267003 26.261
  59 127.606602  50.228021   120.885   120.813  4 55237.48831684 29.816
  60 127.605293  50.225648   120.619   120.509  4 55247.40395918 31.009
  61 127.605456  50.222343   120.352   120.364  5 55257.31959942 26.803
  62 127.605269  50.222597   120.440   120.416  5 55267.23523827 21.170
  63 127.604873  50.226331   120.558   120.523  3 55277.15087607 37.183
  64 127.605593  50.229979   121.373   121.297  5 55287.06651290 24.178
  65 127.598847  50.238681   123.245   120.541 10 55296.98214588 27.686
  66 127.605131  50.231326   121.048   121.000  6 55306.89778904 38.311
  67 127.604978  50.227278   120.696   120.672  3 55316.81343654 46.130
  68 127.605348  50.225993   123.038   123.018  3 55326.72908219 55.420
  69 127.605283  50.228716   122.483   122.491  4 55336.64472598 56.053
  70 127.600962  50.235716   123.770   123.743  8 55346.56036811 40.438
  71 127.599960  50.237862   122.460   122.489 10 55356.47601001 38.591
  72 127.598812  50.238318   123.259   122.185 10 55366.39165022 32.580
  73 127.599745  50.237143   122.251   122.194  9 55376.30728949 34.368
  74 127.599162  50.239393   122.861   122.858 11 55386.22292721 36.083
  75 127.596966  50.244301   122.449   122.399 13 55396.13856351 40.593
  76 127.595301  50.247929   123.964   123.929 12 55406.05420410 34.485
  77 127.597482  50.242466   123.734   123.698 12 55415.96985670 43.966
  78 127.606271  50.229350   123.771   123.727  3 55425.88550793 50.637
  79 127.605244  50.225702   123.918   123.892  3 55435.80115383 54.445
  80 127.604926  50.224621   122.712   122.720  4 55445.71679786 23.902
  81 127.605699  50.225779   121.538   121.547  3 55455.63244074 53.133
  82 127.606005  50.228737   121.263   121.244  3 55465.54808251 49.163
  83 127.601732  50.234353   120.979   120.944  7 55475.46372044 42.486
  84 127.602653  50.233246   121.068   121.059  7 55485.37935695 26.777
  85 127.606556  50.228790   120.430   120.438  4 55495.29499230 46.685
  86 127.601377  50.235049   120.224   120.242  8 55505.21062458 48.415
  87 127.600119  50.236772   120.118   120.139 10 55515.12627487 48.823
  88 127.598297  50.240401   120.239   120.272 11 55525.04192392 45.881
  89 127.599181  50.239664   120.243   120.256 11 55534.95757206 48.061
  90 127.600078  50.236707   123.040   121.800  9 55544.87321854 29.355
  91 127.606722  50.228825   121.535   121.567  4 55554.78886443 24.780
  92 127.606353  50.228915   121.558   121.573  4 55564.70450719 30.960
  93 127.601648  50.234888   121.365   121.389  8 55574.62014785 31.607
  94 127.599626  50.237966   124.744   125.910 11 55584.53578766 30.949
  95 127.599393  50.238208   123.194   121.159 11 55594.45142476 32.244
  96 127.600225  50.236715   122.445   120.935  9 55604.36705897 32.970
  97 127.599586  50.237579   123.914   122.058  9 55614.28269072 32.254
  98 127.599785  50.238437   125.532   125.773 11 55624.19832923 21.492
  99 127.600501  50.236744   123.581   121.371 10 55634.11398246 23.667
 100 127.599177  50.237394   123.634   121.183  9 55644.02963287 27.537
 101 127.602010  50.233943   120.710   120.779  7 55653.94528153 42.449
 102 127.606105  50.228476   121.456   121.472  3 55663.86092614 43.490
 103 127.605560  50.227462   120.370   120.387  4 55673.77656643 50.383
 104 127.606013  50.227852   121.843   121.839  4 55683.69220486 55.739
 105 127.599937  50.237028   121.503   121.507 10 55693.60783978 35.711
 106 127.596524  50.245162   121.705   121.719 13 55703.52347361 45.054
 107 127.595270  50.247470   122.249   121.635 13 55713.43911779 30.664
 108 127.597465  50.242922   123.101   123.093 12 55723.35476786 33.999
 109 127.599336  50.238639   123.648   121.966 11 55733.27041598 26.514
 110 127.600734  50.236193   121.575   121.574  9 55743.18606259 45.671
 111 127.601305  50.235504   121.465   121.463  8 55753.10170752 46.684
 112 127.600238  50.236618   121.021   121.001  9 55763.01734974 40.970
 113 127.601056  50.235416   121.041   121.058  8 55772.93298971 42.125
 114 127.604547  50.231242   122.780   122.690  5 55782.84862693 38.909
 115 127.600874  50.235429   123.146   123.226  8 55792.76425933 50.648
 116 127.599050  50.240089   121.839   121.849 11 55802.67989264 41.991
 117 127.598993  50.239952   122.032   122.042 11 55812.59554233 51.363
 118 127.598875  50.239653   121.322   121.297 10 55822.51119032 40.760
 119 127.598608  50.239261   121.017   121.003 10 55832.42683353 35.355
 120 127.599375  50.238112   121.271   121.271 10 55842.34247260 29.466
 121 127.598728  50.239342   120.672   120.633 10 55852.25810821 38.038
 122 127.596737  50.244062   120.829   120.802 12 55862.17374147 54.168
 123 127.598349  50.241253   120.406   120.422 11 55872.08939678 40.690
 124 127.598295  50.241723   119.895   119.885 12 55882.00504660 49.256
 125 127.598908  50.241634   121.031   121.018 12 55891.92069001 36.969
 126 127.596328  50.244905   121.095   121.056 12 55901.83632676 29.362
 127 127.595678  50.247236   121.058   121.086 12 55911.75196070 29.343
 128 127.598506  50.241253   121.961   120.774 11 55921.66761638 30.732
 129 127.600004  50.237581   123.275   121.290 10 55931.58326879 32.948
 130 127.604694  50.231234   120.295   120.222  6 55941.49891787 33.833
 131 127.605928  50.227561   120.260   120.258  4 55951.41456172 34.826
 132 127.605648  50.226593   120.196   120.185  3 55961.33020134 24.367
 133 127.606066  50.227478   120.161   120.176  4 55971.24583867 32.773
 134 127.600464  50.236107   120.661   120.652  8 55981.16147303 29.785
 135 127.598050  50.242113   125.321   126.245 12 55991.07710698 27.681
 136 127.598448  50.240895   122.775   120.803 12 56000.99275314 29.659
 137 127.603015  50.232916   120.587   120.601  6 56010.90840555 33.297
 138 127.605301  50.228414   120.177   120.157  3 56020.82405318 31.966
 139 127.605019  50.228344   120.396   120.345  4 56030.73969669 40.259
 140 127.605542  50.230234   121.000   121.018  5 56040.65533779 51.091
 141 127.598823  50.239059   122.652   122.602 11 56050.57097479 52.609
 142 127.597571  50.243344   121.751   121.734 13 56060.48661036 45.266
 143 127.595572  50.246896   121.221   121.193 13 56070.40224617 30.588
 144 127.598887  50.240938   121.719   121.738 11 56080.31789824 30.994
 145 127.599376  50.238566   122.112   121.421 11 56090.23354685 36.528
 146 127.599504  50.238499   121.815   121.865 10 56100.14919267 35.362
 147 127.599089  50.238609   124.548   125.187 11 56110.06482440 32.105
 148 127.599550  50.237277   122.215   122.222 10 56119.98046492 45.862
 149 127.600812  50.235384   122.076   122.062  8 56129.89610193 39.484
 150 127.601199  50.235604   123.967   123.980  8 56139.81173526 38.602
 151 127.604950  50.231027   121.951   121.871  6 56149.72738652 46.888
 152 127.599726  50.236679   123.050   122.384  9 56159.64303390 33.880
 153 127.600753  50.236789   123.071   123.039 10 56169.55868137 40.899
 154 127.600644  50.235825   123.315   123.321  8 56179.47432543 39.741
 155 127.606544  50.228977   122.667   122.675  4 56189.38996691 46.076
 156 127.605491  50.229608   122.019   122.031  4 56199.30560343 30.696
 157 127.599464  50.238479   122.160   122.161 10 56209.22123557 38.611
 158 127.595521  50.247781   122.133   122.158 12 56219.13686620 29.223
 159 127.595410  50.249244   121.598   121.593 13 56229.05251344 49.016
 160 127.596353  50.245755   120.839   120.825 13 56238.96816809 51.524
 161 127.598728  50.240239   120.737   120.764 11 56248.88381929 49.945
 162 127.598768  50.238236   120.157   120.140 10 56258.79946471 45.575
 163 127.599954  50.237912   121.782   121.738 10 56268.71510686 38.985
 164 127.597849  50.241138   122.404   122.370 11 56278.63074630 29.824
 165 127.599181  50.238620   124.249   122.270 11 56288.54639626 27.023
 166 127.605815  50.229484   121.759   121.760  4 56298.46204702 23.728
 167 127.605558  50.225963   121.527   121.523  3 56308.37769229 22.285
 168 127.604063  50.225463   121.534   121.545  3 56318.29333451 20.312
 169 127.604940  50.226664   121.559   121.568  3 56328.20897560 16.918
 170 127.604631  50.231300   121.318   121.332  6 56338.12461513 25.199
 171 127.598015  50.241063   126.186   126.608 11 56348.04025134 26.178
 172 127.598178  50.242129   128.400   128.275 11 56357.95588689 20.634
 173 127.604596  50.231081   120.808   120.688  5 56367.87153924 33.908
 175 127.605685  50.226927   120.759   120.739  3 56387.70283384 40.276
 176 127.601031  50.235074   123.495   123.541  8 56397.61847527 32.606
 177 127.598111  50.241395   190.261   188.346 12 56407.53411481  8.634
 178 127.598224  50.243172   123.936   123.908 12 56417.44975149 52.004
 179 127.595676  50.246412   124.468   124.065 13 56427.36538304 33.817
 180 127.598631  50.239098   124.005   123.991 10 56437.28103699 35.746
 181 127.604620  50.231311   125.637   125.569  6 56447.19669047 32.243
 182 127.604179  50.231747   122.971   123.022  6 56457.11233976 37.015
 183 127.605658  50.229993   122.594   122.646  5 56467.02798645 37.797
 184 127.606210  50.228066   121.834   121.861  3 56476.94362904 35.612
 185 127.605324  50.227257   123.458   123.407  4 56486.85926758 39.213
 186 127.605462  50.227718   191.155   191.036  3 56496.77490317  8.482
 187 127.600023  50.236392   126.291   126.290  9 56506.69053533 40.373
 188 127.596183  50.245841   128.805   128.843 13 56516.60616815 30.872
 189 127.596546  50.244877   128.827   128.812 12 56526.52182255 46.203
 190 127.599476  50.239890   125.735   125.424 11 56536.43747374 36.216
 192 127.604985  50.228418   123.961   124.038  4 56556.26876626 39.354
 193 127.605705  50.229301   123.945   124.013  4 56566.18440894 36.097
 194 127.599833  50.238780   125.167   124.025 11 56576.10004826 30.616
 195 127.596090  50.246780   122.728   122.273 12 56586.01568484 38.036
 196 127.595247  50.249378   121.586   121.572 13 56595.93132265 53.571
 197 127.598140  50.241651   121.226   121.210 11 56605.84697674 49.160
 198 127.600266  50.235982   120.040   120.042  8 56615.76262544 43.211
 199 127.603284  50.232998   119.907   119.869  7 56625.67827003 43.663
 200 127.600641  50.236796   120.948   120.914 10 56635.59391009 46.907
 201 127.598304  50.241124   121.572   121.565 11 56645.50954786 48.197
 202 127.603145  50.233282   122.815   122.773  7 56655.42520202 39.624
 203 127.604903  50.227913   122.441   122.440  4 56665.34085125 30.177
 204 127.605114  50.225826   122.313   122.254  4 56675.25649727 29.810
 205 127.604811  50.227151   122.229   122.290  3 56685.17214173 24.902
 206 127.606479  50.229040   122.011   121.962  3 56695.08778433 23.463
 207 127.599179  50.239311   125.430   122.539 11 56705.00342019 23.034
 208 127.598219  50.242678   127.625   127.944 12 56714.91905235 18.769
 210 127.605840  50.227023   121.623   121.615  3 56734.75035781 35.891
 211 127.605049  50.228313   121.513   121.562  4 56744.66600401 40.850
 212 127.600938  50.235943   121.906   121.861  9 56754.58164447 34.766
 213 127.596980  50.244250   123.209   123.244 12 56764.49727926 44.101
 214 127.595745  50.247046   121.521   121.592 13 56774.41291483 34.085
 215 127.600288  50.237089   121.629   121.659 10 56784.32857393 37.993
 216 127.605358  50.227786   120.820   120.830  4 56794.24422943 40.595
 217 127.604715  50.225868   120.729   120.751  4 56804.15987985 46.499
 218 127.604933  50.226804   122.130   122.143  4 56814.07552257 28.841
 219 127.605455  50.227660   121.869   121.951  3 56823.99116185 45.977
 220 127.606021  50.228584   175.202   175.942  3 56833.90679707 24.243
 221 127.600586  50.235576   121.175   121.201  8 56843.82242718 41.716
 222 127.600973  50.235616   122.759   122.802  8 56853.73806995 44.720
 223 127.605719  50.230016   122.167   122.131  5 56863.65372502 47.412
 224 127.606379  50.228686   122.747   122.731  3 56873.56937834 49.231
 225 127.606157  50.228122   121.907   121.902  4 56883.48502827 45.268
 226 127.605212  50.228019   121.177   121.168  4 56893.40067472 32.387
 227 127.605189  50.226702   121.209   121.197  3 56903.31631836 37.454
 228 127.605690  50.226167   120.830   120.782  3 56913.23196009 29.421
 229 127.606093  50.228209   121.340   121.359  3 56923.14759981 33.684
 230 127.599755  50.238088   121.275   121.280 11 56933.06323521 50.852
 231 127.596415  50.245770   121.013   121.059 13 56942.97886602 53.743
 232 127.597097  50.244556   120.704   120.728 13 56952.89451159 54.483
 233 127.599119  50.238602   120.426   120.431 10 56962.81016349 50.244
 234 127.604070  50.231949   119.841   119.787  5 56972.72581079 48.206
 235 127.602527  50.233791   120.113   120.085  7 56982.64145168 48.837
 236 127.598871  50.239397   121.439   121.505 11 56992.55708706 33.883
 237 127.596866  50.243517   122.468   121.405 12 57002.47272058 29.505
 238 127.603955  50.232437   121.230   121.135  7 57012.38838001 26.266
 239 127.605704  50.227783   120.838   120.842  3 57022.30403232 26.693
 240 127.605026  50.228228   120.610   120.562  4 57032.21968097 32.096
 241 127.606750  50.228156   120.316   120.303  4 57042.13532795 27.252
 242 127.604582  50.231443   120.543   120.513  6 57052.05097188 32.211
 243 127.600965  50.235430   120.862   120.544  8 57061.96661125 31.486
 244 127.599404  50.238129   124.264   125.237 11 57071.88224560 31.746
 245 127.597358  50.242850   126.638   127.119 12 57081.79787532 28.072
 246 127.598006  50.243221   127.606   127.795 12 57091.71351974 23.139
 247 127.598113  50.241480   120.864   120.832 12 57101.62917731 33.085
 248 127.599963  50.238877   123.931   123.802 11 57111.54483175 31.931
 249 127.599602  50.238133   120.672   120.585 11 57121.46047986 37.666
 250 127.600843  50.235445   120.856   120.869  8 57131.37612286 40.570
 251 127.601682  50.235064   121.863   121.873  8 57141.29176043 27.958
 252 127.597714  50.241059   123.158   123.199 11 57151.20739334 48.091
 253 127.595720  50.246989   122.425   122.459 13 57161.12302323 48.273
 254 127.598835  50.241024   122.533   122.553 12 57171.03868013 45.925
 255 127.602706  50.233226   122.389   122.363  7 57180.95433698 34.668
 256 127.604989  50.227384   121.929   121.912  4 57190.86998938 46.071
 257 127.605404  50.225943   121.152   121.164  4 57200.78563748 34.517
 258 127.606088  50.227101   121.827   121.826  4 57210.70127132 48.384
 259 127.605447  50.230572   120.795   120.744  5 57220.61691432 52.330
 260 127.600620  50.236158   120.539   120.553  9 57230.53255536 44.885
 261 127.600263  50.236775   121.709   121.712  9 57240.44819531 44.372
 262 127.600794  50.236743   122.749   122.047 10 57250.36383274 30.709
 263 127.598490  50.241230   122.530   122.573 11 57260.27946708 32.855
 264 127.595226  50.248314   121.694   121.692 12 57270.19509975 36.574
 265 127.595312  50.248352   121.157   121.110 13 57280.11075323 30.499
 266 127.596690  50.245230   121.057   121.015 13 57290.02640956 53.277
 267 127.598064  50.240324   120.961   120.999 11 57299.94206326 41.965
 268 127.605324  50.230095   120.920   120.924  4 57309.85771472 52.818
 269 127.605701  50.227165   120.465   120.434  4 57319.77336073 53.524
 270 127.605767  50.227217   120.247   120.219  3 57329.68900319 45.175
 271 127.605023  50.230676   119.442   119.425  5 57339.60464273 48.545
 272 127.606289  50.228713   120.197   120.166  4 57349.52029250 35.738
 273 127.605790  50.227208   120.547   120.531  4 57359.43593809 27.766
 274 127.604572  50.226124   120.233   120.193  3 57369.35158042 26.840
 275 127.604602  50.226732   120.022   119.984  3 57379.26722019 33.394
 276 127.603037  50.232680   120.284   120.250  6 57389.18285771 27.354
 277 127.596512  50.244091   122.958   120.785 12 57399.09849298 30.239
 278 127.594938  50.248824   121.827   120.941 13 57409.01412968 25.443
 279 127.598225  50.241431   123.104   120.865 11 57418.92978441 29.397
 280 127.603617  50.232336   120.221   120.129  6 57428.84543696 29.659
 281 127.605389  50.229406   120.111   120.133  4 57438.76108557 31.028
 282 127.600630  50.235801   121.976   120.399  8 57448.67673060 34.646
 283 127.598085  50.240805   126.975   127.874 11 57458.59237476 21.484
 284 127.597387  50.242939   179.007   177.407 12 57468.50801661 12.671
 285 127.598455  50.241624   120.678   120.706 12 57478.42365523 32.567
 286 127.598989  50.239990   120.968   120.950 11 57488.33929079 40.686
 287 127.598520  50.241478   121.021   121.048 12 57498.25492382 38.468
 288 127.596901  50.244803   122.344   122.352 13 57508.17056393 47.606
 289 127.598239  50.241613   126.111   123.574 11 57518.08622092 29.475
 290 127.599535  50.238669   125.324   126.044 11 57528.00187501 29.242
 291 127.606483  50.229321   121.480   121.492  3 57537.91752785 38.165
 292 127.604859  50.227204   122.100   122.044  3 57547.83317593 54.606
 293 127.604072  50.226477   121.906   121.909  3 57557.74882225 55.746
 294 127.605277  50.227770   123.694   123.720  3 57567.66446723 50.210
 295 127.603925  50.232493   123.701   123.670  7 57577.58011065 43.452
 296 127.599601  50.238487   124.558   123.711 11 57587.49575225 34.719
 297 127.600366  50.237464   122.743   122.705 10 57597.41139312 39.611
