#   27.075  -0.141   2.219 ;Mean Elev.(m), Avg Gradient(m/km), RMS Gradient(m/km) - SRTM1     
#   21.128   0.056   4.885 ;Mean Elev.(m), Avg Gradient(m/km), RMS Gradient(m/km) - ASTER GDEM
#   27.681  -0.679   5.027 ;Mean Elev.(m), Avg Gradient(m/km), RMS Gradient(m/km) - GMTED2010 
   1 135.066712  48.634172    31.161    31.162  5 54668.31520106 24.670
   2 135.066853  48.634051    31.595    31.548  5 54678.23084534 45.472
   3 135.070053  48.634123    31.000    31.098  6 54688.14648874 22.894
   4 135.073636  48.634852    31.592    31.545  5 54698.06213022 33.710
   6 135.069195  48.633763    30.475    30.428  5 54717.89342442 27.692
   7 135.063772  48.632328    13.546    13.537  5 54727.80907346 14.250
   8 135.059559  48.632226    31.178    31.197  5 54737.72472063 25.529
   9 135.059562  48.631872    31.297    31.388  6 54747.64036781 25.198
  10 135.060085  48.632727    30.799    30.746  5 54757.55601440 19.990
  11 135.061213  48.632959    30.288    30.343  6 54767.47165909 28.040
  12 135.061632  48.632181    30.202    30.240  5 54777.38730065 28.218
  13 135.060312  48.632268    30.203    30.097  6 54787.30293957 46.686
  14 135.060496  48.632511    30.602    30.581  6 54797.21857773 29.167
  15 135.063417  48.634066    30.239    30.216  5 54807.13421585 24.425
  16 135.069132  48.634358    30.437    30.443  6 54817.04985391 22.236
  17 135.069595  48.634439    30.599    30.611  6 54826.96550327 21.202
  18 135.066143  48.633978    30.506    30.570  6 54836.88114241 20.726
  19 135.062117  48.633874    30.390    30.381  5 54846.79679168 19.463
  20 135.061636  48.632702    30.175    30.189  5 54856.71244070 16.493
  21 135.063064  48.632243    30.234    30.236  5 54866.62808969 15.030
  22 135.063017  48.632921    30.044    30.151  6 54876.54373769 13.830
  23 135.062218  48.633417    29.941    30.172  5 54886.45938272 12.927
  24 135.059881  48.632547    30.183    30.119  5 54896.37502444 12.240
  25 135.057741  48.631312    32.566    30.156  5 54906.29066371 11.845
  26 135.057327  48.631521    30.240    30.253  6 54916.20630188 11.499
  27 135.059410  48.632288    30.397    30.405  5 54926.12194009 42.769
  28 135.063031  48.632967    31.041    31.021  6 54936.03757784 26.328
  29 135.066100  48.633822    31.192    31.219  6 54945.95321361 25.568
  30 135.068362  48.634046    31.995    31.990  5 54955.86884677 25.050
  31 135.064368  48.634031    33.035    32.774  5 54965.78449459 52.773
  32 135.062420  48.633530    30.858    30.738  5 54975.70014228 24.326
  33 135.063563  48.633006    31.422    31.406  5 54985.61578998 16.835
  34 135.069078  48.629980   110.886   110.886  2 54995.53143852  2.404
  35 135.065483  48.634417    31.681    31.667  5 55005.44708336 24.116
  36 135.065441  48.633730    33.496    33.480  5 55015.36272729 33.098
  37 135.064152  48.633775    33.626    33.653  5 55025.27836966 22.998
  38 135.064311  48.633993    34.934    34.971  5 55035.19401176 33.681
  39 135.066889  48.633819    35.691    35.697  6 55045.10965348 36.000
  40 135.069359  48.634426    34.184    34.124  5 55055.02529339 30.567
  41 135.069250  48.635081    33.590    33.554  5 55064.94093076 28.447
  42 135.065782  48.633736    34.370    34.372  5 55074.85657832 35.832
  43 135.061868  48.632348    34.294    34.321  5 55084.77222611 28.333
  44 135.059796  48.632082    33.939    33.993  6 55094.68787213 35.092
  45 135.060096  48.631965    33.431    33.451  6 55104.60351808 50.257
  46 135.061091  48.631834    33.457    33.399  5 55114.51916385 38.244
  47 135.060849  48.632433    32.671    32.680  6 55124.43480692 45.185
  48 135.059992  48.633263    33.381    33.320  5 55134.35044718 24.340
  49 135.061309  48.632021    30.992    30.996  5 55144.26608602 38.547
  50 135.062052  48.632688    31.974    31.920  6 55154.18172402 42.818
  51 135.063897  48.633763    31.512    31.510  5 55164.09736251 27.063
  52 135.067993  48.633995    31.433    31.397  5 55174.01300116 20.704
  53 135.070735  48.634575    67.136    56.836  5 55183.92864020  4.353
  54 135.068492  48.633941    31.627    31.611  5 55193.84429152 18.486
  55 135.065416  48.633595    31.649    31.638  6 55203.75994131 16.699
  56 135.063123  48.634269    31.460    31.465  5 55213.67559018 16.899
  57 135.063793  48.633063    31.372    31.400  6 55223.59123911 13.727
  58 135.061574  48.633746    31.119    31.130  5 55233.50688582 13.720
  59 135.061271  48.632262    30.863    30.883  5 55243.42252990 13.233
  60 135.059023  48.631716    30.778    30.765  6 55253.33817051 12.511
  61 135.058075  48.631207    30.620    30.649  5 55263.25380934 12.007
  62 135.059519  48.631843    30.481    30.572  5 55273.16944737 11.852
  63 135.061743  48.633252    30.613    30.686  5 55283.08508508 11.497
  64 135.063687  48.634321    31.210    31.327  5 55293.00072157 16.134
  65 135.065124  48.634040    32.528    32.628  5 55302.91635812 22.689
  66 135.063493  48.632285    32.967    32.773  5 55312.83200613 33.061
  67 135.061921  48.632736    40.523    40.516  5 55322.74765136 19.996
  68 135.063269  48.632432    34.278    34.201  5 55332.66329555 52.132
  69 135.063695  48.633519    34.735    34.758  5 55342.57893929 55.050
  70 135.064835  48.633461    34.395    34.374  5 55352.49458296 28.462
  71 135.065498  48.633680    33.093    33.222  6 55362.41022439 32.302
  72 135.066842  48.633259    32.718    32.684  5 55372.32586409 25.220
  73 135.067410  48.634703    32.978    32.954  5 55382.24150212 18.833
  74 135.070563  48.634291    32.196    32.218  6 55392.15714008 26.663
  75 135.072783  48.635009    32.398    32.368  6 55402.07277640 34.062
  76 135.069600  48.634574    33.577    33.591  6 55411.98842704 32.473
  77 135.065533  48.633015    33.956    34.070  5 55421.90407663 26.885
  78 135.061081  48.632650    34.718    34.782  5 55431.81972311 29.353
  79 135.059106  48.632718    35.028    35.000  5 55441.73536747 36.756
  80 135.060705  48.632309    33.905    33.925  5 55451.65101058 45.679
  81 135.062553  48.633091    33.483    33.555  5 55461.56665271 22.847
  82 135.063350  48.633400    31.764    31.751  6 55471.48229334 50.497
  83 135.063377  48.633196    32.768    32.862  6 55481.39793111 25.855
  84 135.063241  48.633240    31.914    32.067  6 55491.31356656 29.066
  85 135.065598  48.633851    30.950    30.927  5 55501.22920038 34.690
  86 135.067679  48.633821    30.385    30.294  5 55511.14484422 52.088
  87 135.068412  48.633408    30.507    30.379  5 55521.06049424 49.126
  88 135.067404  48.633504    30.836    30.755  5 55530.97614294 29.039
  89 135.065923  48.632931    32.077    32.046  5 55540.89179003 16.883
  90 135.063214  48.633989    32.257    32.193  5 55550.80743451 15.082
  91 135.063250  48.633773    31.295    31.255  5 55560.72307776 22.902
  92 135.066048  48.633117    31.627    31.599  5 55570.63872044 19.913
  93 135.067052  48.633831    31.463    31.518  5 55580.55436157 16.625
  94 135.066602  48.633858    31.303    31.274  6 55590.46999978 16.056
  95 135.065585  48.633537    31.428    31.464  5 55600.38563486 14.653
  96 135.065940  48.632809    31.614    31.656  5 55610.30126803 14.655
  97 135.067144  48.634534    31.489    31.508  5 55620.21689972 15.062
  98 135.067730  48.633940    31.536    31.519  5 55630.13255137 13.905
  99 135.067508  48.634349    31.525    31.604  6 55640.04820251 14.278
 100 135.065851  48.633963    31.336    31.383  5 55649.96385119 20.306
 101 135.062463  48.632953    32.767    32.808  5 55659.87949637 25.698
 102 135.060169  48.632278    32.815    32.798  6 55669.79513790 29.584
 103 135.061525  48.632527    31.850    31.850  5 55679.71077741 52.738
 104 135.065919  48.633877    31.840    31.792  6 55689.62641495 35.798
 105 135.071338  48.634246    32.079    32.007  6 55699.54205118 53.297
 106 135.073202  48.634705    31.783    31.785  6 55709.45768930 27.849
 107 135.069375  48.634360    32.048    32.089  6 55719.37333928 18.619
 108 135.066693  48.633654    33.056    33.367  6 55729.28898715 22.693
 109 135.065490  48.634054    33.777    33.757  5 55739.20463370 34.734
 110 135.066129  48.634138    32.836    32.794  6 55749.12027933 39.816
 111 135.067122  48.633736    33.019    32.978  5 55759.03592281 23.263
 112 135.065893  48.634083    32.136    32.131  6 55768.95156313 20.185
 113 135.065215  48.632669    31.850    31.663  5 55778.86720058 18.254
 114 135.064181  48.632976    32.649    32.605  5 55788.78283502 18.612
 115 135.066467  48.633750    33.526    33.434  6 55798.69846825 28.951
 116 135.067137  48.634862    32.371    32.436  5 55808.61411319 18.394
 117 135.068800  48.634749    32.183    32.167  5 55818.52976201 26.845
 118 135.068591  48.634873    29.463    29.282  5 55828.44540651 34.158
 119 135.066552  48.634733    30.099    30.722  5 55838.36104655 28.734
 120 135.064386  48.634593    30.695    30.736  5 55848.27668362 38.685
 121 135.066496  48.634756    30.889    30.927  5 55858.19231907 27.202
 122 135.068739  48.634718    30.751    30.661  5 55868.10796617 26.979
 123 135.070727  48.634340    30.605    30.515  5 55878.02361844 24.330
 124 135.070303  48.635081    29.828    29.814  5 55887.93926379 42.847
 125 135.069678  48.634863    30.503    30.561  5 55897.85490350 34.332
 126 135.070461  48.634598    30.784    30.776  5 55907.77053822 25.929
 127 135.068737  48.634243    30.994    30.975  6 55917.68618542 25.643
 128 135.066547  48.634501    30.905    30.909  5 55927.60183826 20.513
 129 135.066697  48.633469    30.816    30.818  5 55937.51748804 16.902
 130 135.064645  48.632832    30.608    30.609  5 55947.43313264 16.333
 131 135.060882  48.633535    30.464    30.455  5 55957.34877232 15.666
 132 135.060677  48.632714    30.301    30.301  5 55967.26441028 15.147
 133 135.063597  48.632323    30.515    30.559  5 55977.18004772 14.099
 134 135.066780  48.634195    30.491    30.511  6 55987.09568421 13.972
 135 135.070424  48.634716    30.421    30.448  6 55997.01132302 13.395
 136 135.067598  48.634459    30.432    30.415  6 56006.92697457 10.957
 137 135.063978  48.633453    30.519    30.519  6 56016.84262199  9.291
 138 135.061241  48.632678    30.366    30.360  5 56026.75826638 34.051
 139 135.061191  48.632918    30.794    30.741  6 56036.67390899 34.496
 140 135.065606  48.633043    32.003    31.863  5 56046.58954995 20.649
 141 135.068757  48.635001    32.524    32.363  5 56056.50518762 21.676
 142 135.073817  48.634664    32.618    32.611  5 56066.42082166 31.600
 143 135.070825  48.634653    31.445    31.466  6 56076.33646867 39.717
 144 135.067915  48.633350    31.435    31.402  5 56086.25211769 36.438
 145 135.065613  48.633745    31.352    31.372  6 56096.16776418 42.205
 146 135.065913  48.633730    31.672    31.650  6 56106.08340894 24.823
 147 135.065269  48.634587    31.079    30.980  5 56115.99903903 19.839
 148 135.066656  48.633741    32.097    32.083  6 56125.91467743 46.515
 149 135.067036  48.633572    31.752    31.811  5 56135.83031162 17.692
 150 135.064628  48.634357    34.040    34.044  5 56145.74595384 44.075
 151 135.064234  48.633222    33.139    33.203  6 56155.66160351 26.025
 152 135.063641  48.634201    32.234    32.191  5 56165.57725174 25.013
 153 135.064588  48.634163    33.060    33.085  5 56175.49289804 22.672
 154 135.065420  48.634147    31.299    30.652  5 56185.40853927 29.732
 155 135.064850  48.634238    33.906    33.899  5 56195.32417662 30.897
 156 135.066572  48.633141    33.750    33.718  5 56205.23981160 24.712
 157 135.068866  48.634295    33.186    33.170  6 56215.15544494 24.256
 158 135.073596  48.634454    33.233    33.278  5 56225.07108329 37.763
 159 135.072849  48.634412    32.406    32.400  5 56234.98673905 41.844
 160 135.070832  48.634238    32.986    32.052  5 56244.90239079 17.537
 161 135.067639  48.634408    31.869    31.884  6 56254.81803727 44.017
 162 135.066808  48.633882    32.164    32.201  6 56264.73367987 28.448
 163 135.066381  48.634415    31.961    31.979  5 56274.64932044 20.835
 164 135.067267  48.633295    32.260    32.269  5 56284.56496537 18.702
 165 135.064190  48.633590    32.354    32.375  6 56294.48061581 17.560
 166 135.061371  48.632953    32.416    32.457  6 56304.39626219 16.843
 167 135.060279  48.632087    32.322    32.294  5 56314.31190504 16.407
 168 135.060530  48.632639    31.911    31.915  5 56324.22754593 15.997
 169 135.063860  48.632491    31.976    31.962  5 56334.14318667 16.055
 170 135.065330  48.633983    31.856    31.857  5 56344.05882630 15.162
 171 135.067734  48.633824    31.745    31.769  6 56353.97446401 15.012
 172 135.066215  48.633649    31.543    31.536  6 56363.89010781 13.388
 173 135.063417  48.633053    31.382    31.411  6 56373.80575683 13.013
 175 135.062664  48.633823    32.207    31.950  5 56393.63704666 25.573
 176 135.065917  48.633437    32.474    32.499  5 56403.55268909 32.191
 177 135.068276  48.634061    34.498    34.522  6 56413.46832832 41.249
 178 135.071117  48.634381    32.947    32.953  5 56423.38396273 28.055
 179 135.070005  48.634565    34.830    34.841  5 56433.29960624 40.031
 180 135.065431  48.634634    34.810    34.834  5 56443.21525820 30.735
 181 135.063800  48.634112    34.774    34.779  5 56453.13090807 33.119
 182 135.062419  48.634029    34.296    34.334  5 56463.04655533 30.698
 183 135.062251  48.632671    33.995    33.996  5 56472.96219957 30.704
 184 135.060839  48.632898    33.841    33.880  6 56482.87783999 30.355
 185 135.061953  48.632552    34.614    34.657  6 56492.79347710 53.700
 186 135.065476  48.633051    34.655    34.620  5 56502.70911168 27.314
 187 135.070871  48.634318    35.300    35.329  5 56512.62474459 28.808
 188 135.070936  48.634827    36.243    36.243  5 56522.54039211 27.107
 189 135.068631  48.633639    37.089    37.047  5 56532.45604421 36.022
 191 135.062305  48.633738    35.323    35.370  5 56552.28733670 24.661
 192 135.063760  48.633530    34.973    35.011  5 56562.20297959 28.955
 193 135.066408  48.634270    34.484    34.538  5 56572.11862136 30.823
 194 135.069928  48.634645    33.828    33.832  5 56582.03426149 28.851
 195 135.073462  48.634549    33.141    33.118  5 56591.94989742 39.916
 196 135.069845  48.634357    32.695    32.571  6 56601.86554712 51.685
 197 135.066809  48.633217    31.894    31.813  5 56611.78119676 49.294
 198 135.066361  48.633202    31.260    31.186  5 56621.69684181 39.086
 199 135.066872  48.633820    31.824    31.819  6 56631.61248379 36.732
 200 135.068996  48.633739    32.006    32.022  5 56641.52812187 24.899
 201 135.064715  48.634632    32.341    32.337  5 56651.44376949 22.949
 202 135.061328  48.632906    32.453    32.413  6 56661.35941942 21.897
 203 135.059927  48.631793    32.429    32.441  5 56671.27506644 20.420
 204 135.060833  48.632744    32.302    32.321  5 56681.19071158 19.614
 205 135.064369  48.633126    32.032    31.980  5 56691.10635525 17.951
 206 135.066891  48.634137    31.791    31.791  5 56701.02199515 17.438
 207 135.068293  48.633938    31.643    31.620  6 56710.93763034 16.893
 208 135.064988  48.633830    31.602    31.615  5 56720.85327382 18.965
 210 135.061775  48.633344    31.921    31.448  5 56740.68457361 36.669
 211 135.065154  48.633759    32.648    32.636  6 56750.60021756 24.186
 212 135.069243  48.634205    34.374    34.395  5 56760.51585655 45.225
 213 135.072305  48.634619    32.626    32.621  6 56770.43148891 28.629
 214 135.067167  48.634074    32.561    32.553  6 56780.34714094 22.088
 215 135.063199  48.632275    32.652    32.678  5 56790.26279600 26.668
 216 135.059726  48.632512    33.042    33.060  5 56800.17844768 21.635
 217 135.060524  48.632728    32.766    32.746  6 56810.09409317 31.509
 218 135.062188  48.632915    32.996    33.018  5 56820.00973376 19.380
 219 135.062663  48.633238    32.868    32.950  5 56829.92537028 19.188
 220 135.063111  48.633383    99.495    98.995  5 56839.84100354 18.392
 221 135.064737  48.633733    32.317    32.194  5 56849.75663744 19.539
 222 135.062923  48.634016    33.293    33.278  5 56859.67229156 21.212
 223 135.064699  48.633556    34.396    34.364  6 56869.58794517 33.026
 224 135.064328  48.634170    34.018    34.010  5 56879.50359591 37.644
 225 135.062876  48.633107    32.580    32.898  6 56889.41924336 35.933
 226 135.059828  48.632065    32.524    32.408  5 56899.33488797 28.941
 227 135.058450  48.631793    32.771    33.002  6 56909.25053044 24.050
 228 135.061635  48.631860    32.542    32.613  5 56919.16617164 22.255
 229 135.065934  48.633911    32.236    32.207  6 56929.08181061 20.959
 230 135.071371  48.634417    31.617    31.627  5 56938.99744555 25.088
 231 135.072729  48.635273    31.280    31.317  6 56948.91308082 39.583
 232 135.067491  48.633987    31.386    31.412  6 56958.82873350 42.436
 233 135.063254  48.633716    30.686    30.619  5 56968.74438079 43.138
 234 135.063317  48.633776    30.192    30.247  5 56978.66002436 47.771
 235 135.066327  48.634129    31.144    31.146  6 56988.57566360 37.321
 236 135.070877  48.634289    30.800    30.829  6 56998.49129678 20.718
 237 135.068076  48.633961    30.725    30.750  6 57008.40694625 16.488
 238 135.063215  48.633144    30.863    30.857  6 57018.32259885 14.072
 239 135.059895  48.633147    30.736    30.714  5 57028.23824840 13.890
 240 135.061219  48.632495    30.596    30.613  6 57038.15389695 13.087
 241 135.063477  48.633293    30.400    30.378  5 57048.06954294 12.995
 242 135.066070  48.634142    30.388    30.387  5 57057.98518516 12.704
 243 135.066875  48.634782    30.363    30.433  5 57067.90082161 12.111
 244 135.068337  48.634209    30.514    30.507  6 57077.81645395 11.032
 245 135.069768  48.634739    30.146    30.179  5 57087.73208703 13.030
 246 135.068106  48.633708    32.619    33.284  5 57097.64774559 13.670
 247 135.067063  48.634536    30.789    30.748  5 57107.56340089 29.984
 248 135.067949  48.634376    31.236    31.286  6 57117.47905152 29.558
 249 135.066869  48.634212    32.935    32.936  5 57127.39469582 34.153
 250 135.066016  48.633179    36.051    32.601  5 57137.31033491 20.031
 251 135.065835  48.633757    39.749    38.505  5 57147.22596993 18.988
 252 135.069192  48.634036    33.576    33.515  6 57157.14160298 28.827
 253 135.069347  48.634868    32.953    32.926  5 57167.05724798 25.055
 254 135.067741  48.633270    32.883    32.861  5 57176.97290477 20.968
 255 135.063690  48.633370    33.573    33.560  6 57186.88855698 36.854
 256 135.060621  48.633281    33.111    33.095  5 57196.80420508 51.966
 257 135.060386  48.632367    32.269    32.701  5 57206.71983976 22.598
 258 135.062278  48.632092    38.549    37.790  5 57216.63548469 17.672
 259 135.063797  48.633721    33.664    33.743  5 57226.55112805 52.460
 260 135.066422  48.634001    32.236    32.247  5 57236.46676968 35.983
 261 135.068074  48.633920    32.198    32.198  5 57246.38240784 44.381
 262 135.068397  48.634450    35.921    32.448  5 57256.29804328 19.618
 263 135.070867  48.634386    32.261    32.239  6 57266.21367794 30.323
 264 135.072318  48.634588    32.283    32.184  5 57276.12932240 22.854
 265 135.071764  48.634084    31.812    31.816  5 57286.04497949 25.522
 266 135.069103  48.634262    31.450    31.479  6 57295.96063339 30.763
 267 135.066308  48.633739    31.506    31.545  6 57305.87628371 44.237
 268 135.063006  48.633259    32.567    32.487  5 57315.79193007 20.678
 269 135.061320  48.632719    32.517    32.513  5 57325.70757318 23.823
 270 135.061691  48.633173    30.850    30.768  5 57335.62321419 46.298
 271 135.063084  48.632166    30.235    30.181  5 57345.53886078 48.130
 272 135.061583  48.632610    30.371    30.423  5 57355.45450786 39.141
 273 135.060718  48.632994    30.708    30.742  5 57365.37015119 23.179
 274 135.061595  48.632610    30.876    30.858  6 57375.28579157 22.226
 275 135.063360  48.633359    30.965    30.979  6 57385.20143018 19.795
 276 135.066906  48.633644    31.009    31.009  5 57395.11706869 17.711
 277 135.069978  48.634987    31.074    31.057  5 57405.03270607 16.618
 278 135.070353  48.634128    31.091    31.086  5 57414.94835462 15.916
 279 135.067769  48.633681    30.982    31.017  5 57424.86400610 14.752
 280 135.064296  48.634191    30.690    30.689  5 57434.77965426 17.370
 281 135.064990  48.633143    30.778    30.795  5 57444.69530115 14.955
 282 135.065777  48.633779    30.794    30.823  5 57454.61094691 14.754
 283 135.067778  48.633725    30.568    30.634  5 57464.52659099 11.310
 284 135.068911  48.634105    30.546    30.421  5 57474.44223118 32.263
 286 135.068983  48.634872    32.080    31.986  5 57494.27350158 44.929
 287 135.072781  48.634577    31.336    31.449  5 57504.18913414 29.416
 288 135.070185  48.634109    32.276    32.158  5 57514.10478896 18.175
 289 135.066567  48.634529    32.407    32.295  5 57524.02044329 23.980
 290 135.063866  48.633610    33.692    33.717  5 57533.93609562 21.975
 291 135.061859  48.632341    32.547    32.609  5 57543.85174496 21.484
 292 135.061631  48.631782    33.183    33.206  5 57553.76739164 21.132
 293 135.062409  48.632783    33.732    33.765  6 57563.68303643 23.651
 294 135.064737  48.632835    34.345    34.202  5 57573.59868090 35.439
 295 135.065339  48.633268    34.263    34.290  5 57583.51432484 27.461
 296 135.064732  48.634098    34.673    34.680  5 57593.42996668 43.170
 297 135.064770  48.634438    33.545    33.528  5 57603.34560641 22.924
