-310599.200    57.711     0.00    6.49
-310312.603    58.742     3.59    6.73
-310025.984    58.615    -0.44    6.73
-309739.342    57.767    -2.96    7.14
-309452.678    55.868    -6.62    8.08
-309165.991    53.124    -9.57    7.73
-308879.281    49.890   -11.27    7.03
-308592.549    47.327    -8.94    5.96
-308305.795    45.120    -7.69    4.29
-308019.018    43.704    -4.94    2.58
-307732.218    42.946    -2.64    1.32
-307445.396    42.880    -0.23    1.15
-307158.552    42.649    -0.80    1.01
-306871.685    42.624    -0.09    1.00
-306584.795    42.563    -0.21    1.06
-306297.883    42.473    -0.31    1.03
-306010.948    42.420    -0.18    1.02
-305723.991    42.298    -0.43    1.07
-305437.011    42.231    -0.23    1.08
-305150.008    42.074    -0.55    1.12
-304862.983    41.914    -0.56    1.11
-304575.936    41.774    -0.49    1.13
-304288.865    41.686    -0.31    1.15
-304001.773    41.873     0.65    1.52
-303714.657    42.109     0.82    1.73
-303427.519    42.344     0.82    1.97
-303140.358    42.627     0.99    2.19
-302853.175    42.749     0.42    2.28
-302565.969    43.147     1.38    2.79
-302278.741    43.129    -0.06    2.92
-301991.489    43.065    -0.22    2.79
-301704.216    43.210     0.50    2.71
-301416.919    43.249     0.14    2.75
-301129.600    43.129    -0.42    2.43
-300842.258    43.032    -0.34    2.07
-300554.894    42.631    -1.40    1.51
-300267.507    42.511    -0.42    1.30
-299980.097    42.740     0.79    1.47
-299692.664    43.627     3.09    4.10
-299405.209    46.408     9.67    9.63
-299117.731    49.446    10.57   11.75
-298830.231    53.122    12.78   13.53
-298542.707    59.088    20.74   16.05
-298255.161    68.935    34.24   19.33
-297967.593    79.313    36.08   20.73
-297680.001    91.348    41.84   22.51
-297392.387   104.316    45.08   26.26
-297104.750   117.533    45.94   29.36
-296817.090   129.135    40.32   27.46
-296529.408   140.990    41.20   24.88
-296241.703   151.751    37.39   25.25
-295953.975   160.839    31.58   24.24
-295666.224   166.414    19.37   22.19
-295378.451   172.924    22.62   21.11
-295090.655   179.364    22.37   22.38
-294802.836   187.338    27.70   24.56
-294514.994   193.979    23.07   24.58
-294227.129   198.309    15.04   21.60
-293939.242   200.524     7.69   20.66
-293651.332   199.563    -3.33   20.99
-293363.399   196.095   -12.04   23.86
-293075.443   186.882   -31.99   28.02
-292787.464   175.473   -39.61   30.55
-292499.463   168.893   -22.84   29.67
-292211.439   162.505   -22.17   29.99
-291923.392   160.613    -6.57   30.70
-291635.322   161.446     2.89   30.30
-291347.229   166.287    16.80   30.16
-291059.113   169.042     9.56   29.13
-290770.975   167.280    -6.11   27.88
-290482.813   162.759   -15.68   28.85
-290194.629   153.641   -31.63   31.76
-289906.422   142.199   -39.69   34.15
-289618.192   131.170   -38.26   30.14
-289329.939   125.936   -18.15   26.23
-289041.663   124.363    -5.46   25.90
-288753.365   124.276    -0.30   26.47
-288465.043   125.344     3.70   28.36
-288176.698   131.113    20.00   27.12
-287888.331   137.218    21.16   25.91
-287599.941   139.617     8.32   25.09
-287311.527   142.510    10.03   24.97
-287023.091   151.936    32.67   30.30
-286734.632   162.415    36.32   33.82
-286446.150   175.249    44.48   34.10
-286157.645   191.409    56.00   34.85
-285869.117   206.839    53.47   38.33
-285580.566   219.810    44.94   39.33
-285291.992   225.712    20.45   38.28
-285003.395   223.839    -6.49   37.14
-284714.775   222.577    -4.37   38.33
-284426.132   217.858   -16.34   40.57
-284137.466   211.871   -20.74   42.41
-283848.777   212.077     0.71   43.64
-283560.066   213.312     4.28   43.17
-283271.331   216.402    10.70   39.27
-282982.573   225.891    32.86   37.62
-282693.792   236.218    35.75   40.23
-282404.988   239.751    12.23   46.52
-282116.161   236.210   -12.26   48.36
-281827.311   233.468    -9.49   46.04
-281538.438   233.229    -0.83   42.55
-281249.542   230.403    -9.78   43.61
-280960.622   224.577   -20.16   41.51
-280671.680   228.913    15.00   41.90
-280382.715   241.602    43.90   42.69
-280093.726   259.468    61.81   47.17
-279804.715   275.032    53.84   48.25
-279515.680   281.305    21.70   43.83
-279226.623   286.713    18.70   41.98
-278937.542   287.968     4.34   41.95
-278648.438   281.131   -23.64   45.90
-278359.311   267.742   -46.30   47.72
-278070.161   254.224   -46.74   48.87
-277780.988   237.679   -57.20   49.58
-277491.792   219.538   -62.72   53.73
-277202.572   198.001   -74.45   56.61
-276913.330   172.721   -87.38   53.23
-276624.064   144.046   -99.11   47.86
-276334.775   121.532   -77.81   42.72
-276045.463   105.054   -56.94   37.19
-275756.128    91.054   -48.38   29.20
-275466.769    82.667   -28.98   22.95
-275177.388    79.903    -9.55   16.95
-274887.983    81.215     4.53   19.36
-274598.555    88.276    24.39   25.41
-274309.104   100.157    41.04   30.55
-274019.630   116.333    55.87   36.29
-273730.132   132.357    55.34   38.25
-273440.612   142.915    36.46   35.87
-273151.646   155.197    42.49   33.97
-272866.983   169.755    51.13   34.57
-272582.296   179.355    33.71   36.35
-272297.588   181.811     8.63   36.24
-272012.858   181.886     0.26   36.71
-271728.106   183.829     6.82   36.50
-271443.332   178.329   -19.31   38.04
-271158.535   165.255   -45.90   37.95
-270873.717   147.655   -61.78   34.93
-270588.876   135.326   -43.28   32.66
-270304.014   125.336   -35.06   33.65
-270019.129   119.199   -21.54   32.60
-269734.222   115.796   -11.94   28.83
-269449.293   115.794    -0.01   27.93
-269164.342   120.850    17.74   29.58
-268879.369   132.824    42.01   36.09
-268594.374   149.718    59.27   40.20
-268309.356   168.468    65.77   39.29
-268024.317   189.129    72.47   36.78
-267739.255   206.979    62.60   34.95
-267454.171   219.135    42.63   32.57
-267169.065   224.592    19.13   28.99
-266883.937   226.827     7.84   26.36
-266598.787   226.947     0.42   25.09
-266313.614   232.398    19.11   26.39
-266028.419   239.304    24.21   29.15
-265743.203   242.988    12.91   30.01
-265457.964   245.968    10.44   31.48
-265172.702   252.010    21.18   32.81
-264887.419   260.301    29.06   36.08
-264602.113   270.551    35.92   39.11
-264316.785   275.718    18.10   38.54
-264031.435   278.789    10.76   35.18
-263746.063   279.789     3.50   31.83
-263460.668   274.457   -18.68   36.94
-263175.252   259.926   -50.90   44.37
-262889.813   249.237   -37.44   41.37
-262604.352   238.694   -36.92   32.59
-262318.868   236.056    -9.24   29.54
-262033.362   242.011    20.85   32.23
-261747.834   251.269    32.42   34.46
-261462.284   264.088    44.88   35.14
-261176.712   275.857    41.21   35.95
-260891.117   280.240    15.34   37.63
-260605.500   285.383    18.00   37.16
-260319.860   290.109    16.54   34.85
-260034.199   300.035    34.74   37.07
-259748.515   315.210    53.11   41.80
-259462.809   328.204    45.47   41.44
-259177.080   336.946    30.59   34.80
-258891.329   338.527     5.53   32.68
-258605.556   332.796   -20.05   36.47
-258319.760   322.707   -35.29   40.65
-258033.943   311.665   -38.62   41.27
-257748.102   298.266   -46.87   41.21
-257462.240   289.649   -30.14   44.54
-257176.355   282.613   -24.60   48.62
-256890.448   275.332   -25.46   52.19
-256604.518   268.624   -23.46   54.24
-256318.566   259.276   -32.68   52.52
-256032.592   246.344   -45.21   48.47
-255746.595   236.582   -34.13   40.46
-255460.576   231.113   -19.12   35.82
-255174.535   230.252    -3.01   37.95
-254888.471   233.871    12.65   42.08
-254602.385   242.020    28.48   50.55
-254316.276   253.000    38.37   54.52
-254030.145   270.478    61.07   55.43
-253743.992   287.846    60.68   47.74
-253457.816   295.243    25.84   42.73
-253171.618   300.333    17.78   39.06
-252885.397   305.527    18.14   37.18
-252599.154   316.153    37.11   38.28
-252312.888   326.835    37.31   37.21
-252026.600   334.229    25.82   33.90
-251740.289   343.355    31.87   30.42
-251453.957   349.522    21.53   30.75
-251167.601   348.124    -4.88   32.22
-250881.223   338.645   -33.09   35.51
-250594.823   325.066   -47.40   38.54
-250308.400   312.778   -42.89   43.27
-250021.955   298.852   -48.61   44.56
-249735.487   278.652   -70.50   38.19
-249448.997   263.778   -51.91   35.44
-249162.484   252.988   -37.65   34.89
-248875.948   239.202   -48.11   37.01
-248589.391   226.798   -43.28   38.09
-248302.810   215.249   -40.29   40.55
-248016.207   202.676   -43.86   40.69
-247729.582   192.553   -35.31   39.84
-247442.934   181.595   -38.22   32.89
-247156.263   172.894   -30.35   26.98
-246869.570   164.843   -28.08   19.21
-246582.855   158.790   -21.10    8.73
-246296.117   156.778    -7.02    4.01
-246009.356   156.231    -1.91    2.14
-245722.573   156.957     2.53    2.30
-245435.767   158.074     3.89    3.51
-245148.938   160.022     6.79    5.10
-244862.087   163.057    10.58    7.09
-244575.214   167.893    16.85   10.18
-244288.317   174.957    24.62   14.18
-244001.399   184.054    31.70   18.23
-243714.457   195.224    38.92   20.63
-243427.493   207.751    43.64   23.26
-243140.506   222.329    50.79   26.94
-242853.497   238.109    54.97   30.67
-242566.465   252.746    50.98   31.97
-242279.411   260.355    26.50   27.48
-241992.333   260.860     1.76   26.86
-241705.234   256.151   -16.40   28.68
-241418.111   249.649   -22.64   28.61
-241130.966   241.729   -27.58   26.36
-240843.798   235.852   -20.46   20.74
-240556.607   235.808    -0.15   18.57
-240269.394   246.165    36.05   29.45
-239982.158   260.744    50.75   37.22
-239694.900   273.212    43.40   37.57
-239407.619   280.582    25.65   34.51
-239120.315   285.757    18.01   32.69
-238832.988   286.357     2.09   35.63
-238545.639   282.234   -14.35   41.36
-238258.267   270.431   -41.06   44.62
-237970.872   256.009   -50.17   43.25
-237683.454   241.841   -49.28   37.87
-237396.014   231.873   -34.67   32.06
-237108.551   224.155   -26.84   21.03
-236821.065   221.113   -10.58   18.10
-236533.557   221.723     2.12   19.83
-236246.025   223.326     5.57   22.03
-235958.471   224.828     5.22   22.28
-235670.894   224.340    -1.70   20.39
-235383.295   222.926    -4.92   18.05
-235095.673   219.968   -10.28   11.11
-234808.027   220.011     0.15   10.38
-234520.359   222.338     8.09   11.61
-234232.669   226.563    14.69   13.74
-233944.955   230.513    13.72   14.25
-233657.219   234.359    13.37   15.13
-233369.460   238.542    14.53   16.82
-233081.678   244.479    20.63   18.37
-232793.873   251.213    23.39   19.67
-232506.045   256.435    18.14   21.14
-232218.195   256.398    -0.13   22.40
-231930.322   253.699    -9.37   23.10
-231642.425   248.605   -17.69   21.89
-231354.506   242.342   -21.75   18.44
-231066.564   238.817   -12.24   15.20
-230778.600   239.544     2.52   14.39
-230490.612   245.452    20.51   20.48
-230202.602   250.344    16.98   23.89
-229914.568   255.082    16.45   27.72
-229626.512   257.759     9.29   29.72
-229338.433   255.810    -6.77   32.78
-229050.331   250.127   -19.72   35.53
-228762.206   242.747   -25.61   34.34
-228474.058   232.301   -36.24   26.95
-228185.887   223.831   -29.39   15.64
-227897.693   219.726   -14.24    7.41
-227609.477   218.521    -4.18    3.14
-227321.237   218.896     1.30    3.52
-227032.975   219.707     2.81    4.36
-226744.689   220.662     3.31    4.81
-226456.381   222.061     4.85    6.33
-226168.049   223.843     6.18    8.15
-225879.695   226.082     7.77   10.11
-225591.318   230.031    13.69   13.98
-225302.918   235.220    17.99   20.14
-225014.494   242.199    24.19   25.93
-224726.048   252.106    34.34   30.77
-224437.579   262.210    35.02   31.70
-224149.086   271.617    32.60   29.43
-223860.571   277.468    20.28   26.04
-223572.033   280.978    12.16   23.79
-223283.472   283.226     7.79   24.17
-222994.887   284.290     3.69   25.70
-222706.280   283.989    -1.04   26.76
-222417.650   284.283     1.02   30.95
-222128.996   285.066     2.71   35.54
-221840.320   285.735     2.32   37.37
-221551.620   289.294    12.33   40.23
-221262.898   293.999    16.29   40.75
-220974.152   297.174    10.99   38.99
-220685.384   301.557    15.17   38.73
-220396.592   303.414     6.43   40.35
-220107.777   303.308    -0.37   39.95
-219818.939   303.361     0.18   40.66
-219530.078   302.302    -3.67   42.31
-219241.194   303.366     3.68   43.43
-218952.287   302.957    -1.41   41.15
-218663.356   303.404     1.55   38.17
-218374.403   303.463     0.20   31.95
-218085.426   304.747     4.44   26.90
-217796.427   308.574    13.24   24.77
-217507.404   317.000    29.15   28.73
-217218.358   333.441    56.87   42.60
-216929.289   353.336    68.81   57.18
-216640.196   372.290    65.55   64.04
-216351.081   397.540    87.32   65.40
-216061.942   419.447    75.75   61.24
-215772.781   431.041    40.09   55.93
-215483.596   437.926    23.80   49.47
-215194.388   436.833    -3.78   45.74
-214905.156   429.311   -26.00   46.46
-214615.902   412.551   -57.93   51.11
-214326.624   393.720   -65.08   45.71
-214037.323   380.772   -44.75   41.85
-213747.999   371.957   -30.46   40.36
-213458.652   363.073   -30.70   39.52
-213169.281   356.488   -22.75   37.60
-212879.888   352.811   -12.70   40.29
-212590.471   353.862     3.63   39.83
-212301.031   353.020    -2.91   33.30
-212011.567   354.315     4.47   28.85
-211722.080   358.768    15.38   29.54
-211432.570   364.207    18.79   30.70
-211144.603   371.266    24.51   32.71
-210859.945   380.872    33.74   31.65
-210575.265   387.979    24.96   26.81
-210290.563   389.764     6.27   25.23
-210005.839   388.646    -3.92   31.90
-209721.093   386.359    -8.03   44.12
-209436.324   377.641   -30.61   51.03
-209151.534   365.613   -42.23   50.86
-208866.721   355.779   -34.52   44.48
-208581.887   347.742   -28.21   28.85
-208297.030   349.757     7.07   26.69
-208012.151   356.322    23.04   28.22
-207727.250   368.212    41.73   32.36
-207442.327   380.343    42.57   33.06
-207157.381   394.290    48.94   34.02
-206872.414   408.478    49.78   37.43
-206587.424   423.378    52.27   42.49
-206302.412   440.009    58.34   50.96
-206017.378   455.645    54.85   58.57
-205732.322   474.978    67.81   70.11
-205447.244   487.083    42.46   70.70
-205162.143   495.509    29.55   68.66
-204877.020   502.893    25.89   65.39
-204591.876   498.585   -15.11   54.23
-204306.708   490.290   -29.08   39.55
-204021.519   483.787   -22.80   33.76
-203736.307   478.478   -18.61   32.75
-203451.074   476.153    -8.15   35.82
-203165.818   475.174    -3.43   38.55
-202880.539   477.323     7.53   41.79
-202595.239   484.393    24.78   47.02
-202309.916   500.129    55.14   49.80
-202024.571   512.682    43.99   45.29
-201739.204   514.052     4.80   42.06
-201453.814   509.489   -15.99   44.14
-201168.403   496.894   -44.12   52.54
-200882.969   477.010   -69.65   61.85
-200597.512   448.936   -98.33   64.44
-200312.034   421.561   -95.88   54.65
-200026.533   400.863   -72.49   43.04
-199741.010   383.410   -61.12   30.29
-199455.464   372.426   -38.46   17.78
-199169.896   367.561   -17.03    9.55
-198884.306   367.199    -1.27    6.95
-198598.694   369.312     7.40    6.96
-198313.059   371.810     8.74    6.76
-198027.402   373.649     6.44    6.28
-197741.723   374.828     4.13    6.20
-197456.021   374.802    -0.09    5.97
-197170.297   374.860     0.21    5.89
-196884.551   374.778    -0.29    5.85
-196598.782   374.490    -1.01    5.49
-196312.991   374.857     1.29    5.45
-196027.177   375.979     3.92    6.68
-195741.341   380.527    15.91   13.10
-195455.483   387.376    23.96   19.00
-195169.603   397.316    34.76   24.70
-194883.700   409.610    42.99   28.85
-194597.774   422.280    44.31   31.57
-194311.826   441.072    65.71   41.60
-194025.856   458.801    61.99   48.33
-193739.864   474.468    54.77   52.14
-193453.849   486.534    42.18   54.64
-193167.811   502.273    55.01   55.17
-192881.751   518.957    58.32   54.99
-192595.669   530.978    42.01   54.12
-192309.564   533.259     7.97   52.06
-192023.437   539.780    22.79   50.22
-191737.287   550.294    36.74   50.54
-191451.115   565.915    54.58   59.51
-191164.921   592.020    91.20   66.96
-190878.704   613.602    75.40   69.90
-190592.464   633.185    68.40   66.70
-190306.202   640.828    26.69   63.21
-190019.918   640.574    -0.89   65.04
-189733.611   634.620   -20.79   59.22
-189447.282   638.936    15.07   56.56
-189160.930   651.452    43.70   66.75
-188874.555   672.022    71.82   78.47
-188588.158   692.816    72.60   81.81
-188301.739   729.613   128.45   80.46
-188015.297   761.294   110.58   78.01
-187728.833   797.103   124.98   83.09
-187442.346   827.347   105.55   92.41
-187155.836   859.757   113.11   94.96
-186869.304   882.009    77.65   86.23
-186582.749   888.665    23.23   80.42
-186296.172   881.957   -23.40   90.99
-186009.572   873.085   -30.95   96.55
-185722.950   861.645   -39.91   93.90
-185436.305   835.676   -90.58   81.53
-185149.638   809.524   -91.21   67.65
-184862.948   794.780   -51.42   70.33
-184576.235   789.759   -17.51   75.96
-184289.500   787.936    -6.36   80.90
-184002.742   765.129   -79.52   80.80
-183715.961   738.968   -91.21   73.88
-183429.158   727.237   -40.90   71.67
-183142.333   727.627     1.36   70.56
-182855.484   730.802    11.06   72.31
-182568.613   730.452    -1.22   81.31
-182281.720   735.547    17.76   90.88
-181994.804   741.653    21.28   86.41
-181707.865   743.529     6.54   76.12
-181420.903   718.989   -85.50   77.24
-181133.919   686.851  -111.97   85.69
-180846.912   663.183   -82.45   90.00
-180559.883   645.215   -62.59   87.53
-180272.831   635.395   -34.21   79.27
-179985.756   631.283   -14.32   72.61
-179698.658   629.704    -5.50   72.71
-179411.538   628.673    -3.59   72.89
-179124.395   617.270   -39.71   78.27
-178837.230   597.988   -67.13   87.57
-178550.041   569.301   -99.88   80.37
-178262.830   544.228   -87.29   60.75
-177975.596   536.457   -27.05   51.51
-177688.340   543.124    23.20   59.69
-177401.061   562.143    66.19   69.88
-177113.759   583.790    75.34   68.80
-176826.434   616.436   113.60   70.20
-176539.087   649.540   115.19   79.33
-176251.716   689.419   138.75   79.96
-175964.323   720.255   107.28   77.42
-175676.908   743.000    79.13   69.40
-175389.469   762.678    68.45   67.96
-175102.008   779.364    58.04   64.74
-174814.524   783.280    13.62   66.36
-174527.017   788.841    19.34   72.26
-174239.487   803.631    51.43   71.32
-173951.935   811.925    28.84   66.16
-173664.360   815.624    12.86   69.61
-173376.762   816.393     2.68   72.95
-173089.141   813.077   -11.53   75.31
-172801.497   802.624   -36.33   80.60
-172513.831   794.610   -27.85   81.48
-172226.141   790.874   -12.98   85.86
-171938.429   782.462   -29.23   93.88
-171650.694   772.582   -34.33  102.84
-171362.936   778.415    20.27  111.03
-171075.155   790.287    41.25  120.16
-170787.352   802.936    43.95  122.68
-170499.525   816.865    48.39  122.42
-170211.676   829.978    45.55  121.35
-169923.804   836.759    23.55  118.10
-169635.909   836.978     0.76  115.50
-169347.991   826.072   -37.87  110.43
-169060.050   810.895   -52.70  104.18
-168772.086   797.134   -47.78  103.12
-168484.099   771.673   -88.40  109.87
-168196.090   731.749  -138.60   95.66
-167908.057   709.780   -76.26   79.89
-167620.002   697.768   -41.70   61.64
-167331.923   696.170    -5.55   51.42
-167043.822   706.968    37.47   56.44
-166755.698   726.819    68.89   57.69
-166467.550   750.814    83.26   59.98
-166179.380   766.764    55.34   63.78
-165891.187   771.290    15.71   67.15
-165602.971   781.533    35.53   69.10
-165314.732   795.642    48.94   80.03
-165026.470   815.570    69.12   82.17
-164738.185   833.662    62.75   75.83
-164449.877   844.570    37.83   73.11
-164161.545   852.155    26.30   72.40
-163873.191   852.298     0.49   82.36
-163584.814   846.395   -20.47   92.76
-163296.414   829.697   -57.89   99.84
-163007.991   811.853   -61.86  103.64
-162719.545   793.384   -64.02  106.90
-162431.076   758.462  -121.04  102.36
-162142.584   735.823   -78.46   91.67
-161854.069   737.957     7.40   83.85
-161565.530   746.165    28.44   82.26
-161276.969   761.431    52.90   90.48
-160988.385   799.533   132.01  101.55
-160699.777   845.884   160.58  103.42
-160411.147   881.280   122.62  100.55
-160122.493   910.266   100.41   98.86
-159833.816   935.415    87.11   98.32
-159545.117   961.968    91.96   99.82
-159256.394   982.749    71.97  100.92
-158967.648  1002.718    69.15   98.95
-158678.879  1014.290    40.07  100.08
-158390.086  1020.093    20.09  102.95
-158101.271  1028.610    29.49  115.57
-157812.433  1034.166    19.23  134.14
-157523.571  1035.667     5.20  151.63
-157234.686  1035.736     0.24  150.25
-156945.779  1034.489    -4.32  138.83
-156656.848  1021.386   -45.35  130.62
-156367.893   991.925  -101.94  132.34
-156078.916   949.301  -147.48  136.61
-155789.916   901.588  -165.08  131.59
-155500.892   859.893  -144.24  116.78
-155211.845   821.617  -132.40  105.71
-154922.775   783.521  -131.77   95.69
-154633.682   748.881  -119.81   89.67
-154344.566   720.140   -99.40   90.86
-154055.426   707.925   -42.24   86.05
-153766.263   717.326    32.50   79.33
-153477.077   729.220    41.13   74.15
-153187.868   744.596    53.16   73.75
-152898.635   752.874    28.62   72.07
-152609.380   757.665    16.56   68.08
-152320.101   752.184   -18.95   70.01
-152030.799   752.457     0.94   72.23
-151741.473   745.426   -24.30   80.51
-151452.125   753.761    28.80   87.11
-151162.753   772.916    66.19   92.34
-150873.357   797.539    85.07   93.46
-150583.939   817.751    69.83   85.97
-150294.497   826.493    30.20   73.81
-150005.032   824.926    -5.41   75.64
-149715.544   817.165   -26.81   84.38
-149426.032   795.339   -75.38   96.55
-149139.045   759.799  -123.82  104.74
-148854.398   722.468  -131.14  104.61
-148569.728   681.676  -143.28  102.40
-148285.037   654.344   -95.99  103.25
-148000.323   615.978  -134.74   96.90
-147715.587   586.736  -102.69   91.30
-147430.829   565.308   -75.24   84.07
-147146.049   545.638   -69.06   80.95
-146861.247   523.574   -77.46   85.99
-146576.423   495.557   -98.35   92.51
-146291.576   468.702   -94.27   96.90
-146006.708   433.736  -122.73   98.63
-145721.817   398.710  -122.93  101.10
-145436.904   364.405  -120.39   93.57
-145151.969   326.253  -133.88   74.42
-144867.011   297.009  -102.62   50.75
-144582.032   278.854   -63.70   30.96
-144297.030   268.421   -36.60   14.31
-144012.006   264.161   -14.94    3.93
-143726.960   264.318     0.55    3.84
-143441.892   265.234     3.21    5.19
-143156.802   268.106    10.07    8.98
-142871.689   271.772    12.86   11.24
-142586.554   275.957    14.67   12.05
-142301.397   280.127    14.62   12.09
-142016.217   284.755    16.23   13.46
-141731.016   291.204    22.61   19.19
-141445.792   299.561    29.30   25.81
-141160.546   307.484    27.77   31.64
-140875.278   318.685    39.26   38.56
-140589.987   330.665    41.99   44.48
-140304.674   338.363    26.98   46.76
-140019.339   347.586    32.32   48.57
-139733.981   359.391    41.37   50.67
-139448.602   366.823    26.04   50.20
-139163.200   371.770    17.33   48.73
-138877.775   379.040    25.47   46.03
-138592.329   392.586    47.45   45.60
-138306.860   403.999    39.97   47.87
-138021.369   416.478    43.71   51.86
-137735.855   425.462    31.46   52.49
-137450.320   431.904    22.56   52.03
-137164.761   437.304    18.91   48.09
-136879.181   433.098   -14.73   51.71
-136593.578   418.839   -49.92   55.25
-136307.953   399.176   -68.83   53.04
-136022.305   384.043   -52.97   49.06
-135736.636   370.463   -47.53   46.50
-135450.943   355.659   -51.81   44.22
-135165.229   338.801   -59.00   45.00
-134879.492   317.801   -73.49   51.54
-134593.732   296.988   -72.82   55.91
-134307.951   283.405   -47.53   55.86
-134022.147   268.411   -52.46   50.76
-133736.320   255.090   -46.60   40.00
-133450.471   247.759   -25.64   33.19
-133164.600   246.957    -2.81   34.20
-132878.706   252.008    17.67   39.59
-132592.790   257.447    19.02   41.36
-132306.852   265.155    26.96   42.02
-132020.891   270.978    20.36   43.94
-131734.907   274.489    12.28   42.14
-131448.902   272.559    -6.75   46.00
-131162.873   267.290   -18.42   49.36
-130876.823   262.670   -16.15   50.81
-130590.749   250.255   -43.39   47.09
-130304.654   239.010   -39.30   44.11
-130018.536   228.241   -37.63   43.18
-129732.395   215.914   -43.08   42.50
-129446.232   208.226   -26.86   40.38
-129160.047   204.864   -11.75   37.44
-128873.839   207.297     8.50   43.31
-128587.608   214.802    26.22   51.30
-128301.355   232.710    62.55   61.48
-128015.080   250.863    63.41   65.79
-127728.782   268.998    63.34   62.32
-127442.461   286.593    61.44   50.01
-127156.118   295.488    31.06   40.47
-126869.753   293.679    -6.32   43.04
-126583.364   287.493   -21.60   48.63
-126296.954   272.473   -52.44   54.38
-126010.521   253.574   -65.97   58.14
-125724.065   237.723   -55.33   59.71
-125437.587   219.419   -63.89   60.96
-125151.086   198.436   -73.23   56.74
-124864.562   177.882   -71.73   45.50
-124578.016   161.344   -57.71   31.67
-124291.448   150.153   -39.05   18.04
-124004.857   143.697   -22.52    7.64
-123718.243   141.436    -7.89    3.72
-123431.607   141.054    -1.33    3.45
-123144.948   140.691    -1.27    3.57
-122858.266   140.374    -1.11    3.55
-122571.562   139.641    -2.55    3.64
-122284.835   138.733    -3.17    3.97
-121998.086   137.353    -4.81    4.24
-121711.314   135.896    -5.08    4.40
-121424.519   134.318    -5.50    4.06
-121137.702   132.813    -5.25    3.48
-120850.862   131.617    -4.17    2.63
-120563.999   130.761    -2.98    1.87
-120277.114   130.131    -2.20    1.81
-119990.206   129.936    -0.68    2.03
-119703.276   129.707    -0.80    2.05
-119416.322   129.819     0.39    2.12
-119129.346   129.810    -0.03    2.03
-118842.348   130.199     1.36    3.55
-118555.327   130.914     2.49    5.29
-118268.283   133.269     8.20    9.47
-117981.216   138.384    17.82   16.09
-117694.126   145.851    26.01   23.10
-117407.014   158.392    43.68   31.21
-117119.879   174.704    56.81   38.74
-116832.722   190.683    55.64   38.84
-116545.542   196.234    19.33   34.03
-116258.339   194.718    -5.28   32.89
-115971.113   194.093    -2.18   31.83
-115683.864   196.406     8.05   32.12
-115396.593   198.112     5.94   33.27
-115109.299   205.811    26.80   39.86
-114821.982   223.215    60.57   48.41
-114534.642   249.141    90.22   54.11
-114247.280   273.937    86.28   52.22
-113959.895   289.926    55.63   44.11
-113672.487   295.855    20.63   38.33
-113385.056   297.759     6.62   39.82
-113097.603   290.266   -26.06   48.66
-112810.126   278.530   -40.82   54.41
-112522.627   266.204   -42.87   53.49
-112235.105   251.553   -50.95   50.74
-111947.561   240.301   -39.13   47.23
-111659.993   231.489   -30.64   42.18
-111372.403   223.678   -27.16   37.32
-111084.789   219.176   -15.65   36.97
-110797.153   218.678    -1.73   38.19
-110509.494   218.398    -0.97   37.67
-110221.812   217.159    -4.31   33.44
-109934.108   223.620    22.46   40.91
-109646.380   233.526    34.42   50.94
-109358.630   252.770    66.87   62.36
-109070.856   281.093    98.41   73.56
-108783.060   313.926   114.08   77.34
-108495.241   349.462   123.45   70.15
-108207.399   381.294   110.58   60.83
-107919.534   399.885    64.58   51.60
-107631.646   407.784    27.43   45.96
-107343.735   408.707     3.21   48.54
-107055.802   408.353    -1.23   49.25
-106767.845   409.324     3.37   50.24
-106479.866   407.545    -6.18   51.36
-106191.863   404.784    -9.59   46.58
-105903.838   407.442     9.23   45.64
-105615.789   410.627    11.06   41.52
-105327.718   422.075    39.74   44.93
-105039.624   443.957    75.95   56.11
-104751.507   470.925    93.59   61.64
-104463.366   502.161   108.40   65.48
-104175.203   528.744    92.24   64.49
-103887.017   556.223    95.34   63.95
-103598.808   578.783    78.27   59.24
-103310.576   604.170    88.07   61.40
-103022.320   630.957    92.92   63.94
-102734.042   653.276    77.42   63.58
-102445.741   682.420   101.08   64.83
-102157.417   706.359    83.02   62.25
-101869.070   723.712    60.18   54.49
-101580.699   735.895    42.24   48.38
-101292.306   744.503    29.85   50.33
-101003.890   744.165    -1.17   57.76
-100715.450   732.661   -39.88   68.75
-100426.988   706.763   -89.77   81.35
-100138.502   673.520  -115.23   90.17
 -99849.994   638.845  -120.18   91.67
 -99561.462   614.917   -82.92   91.92
 -99272.907   591.112   -82.49   86.18
 -98984.330   575.184   -55.19   82.18
 -98695.729   560.380   -51.29   77.06
 -98407.105   541.378   -65.83   73.33
 -98118.458   524.277   -59.24   68.74
 -97829.787   505.871   -63.76   67.82
 -97541.094   481.570   -84.17   66.29
 -97252.377   462.704   -65.34   68.14
 -96963.638   443.446   -66.69   66.28
 -96674.875   429.884   -46.96   63.76
 -96386.089   419.617   -35.55   58.94
 -96097.280   419.530    -0.30   57.68
 -95808.448   424.489    17.17   59.44
 -95519.593   438.323    47.89   63.31
 -95230.714   460.235    75.85   66.11
 -94941.813   488.627    98.27   57.16
 -94652.888   510.638    76.17   52.69
 -94363.940   524.763    48.88   50.11
 -94074.969   541.692    58.58   54.80
 -93785.975   564.916    80.36   61.76
 -93496.957   586.539    74.81   71.08
 -93207.916   602.926    56.69   67.77
 -92918.852   612.518    33.18   66.38
 -92629.765   621.733    31.87   63.97
 -92340.655   610.967   -37.23   75.50
 -92051.521   587.641   -80.67   85.68
 -91762.364   556.478  -107.77   86.40
 -91473.184   515.122  -143.00   82.27
 -91183.981   479.823  -122.05   79.96
 -90894.754   444.814  -121.03   75.80
 -90605.504   417.832   -93.28   64.83
 -90316.231   402.222   -53.96   59.49
 -90026.935   392.667   -33.03   57.98
 -89737.615   389.871    -9.66   59.29
 -89448.272   395.841    20.63   69.82
 -89158.906   393.925    -6.62   76.63
 -88869.517   392.832    -3.78   80.98
 -88580.104   400.851    27.70   81.36
 -88290.668   406.009    17.82   76.82
 -88001.208   409.065    10.55   66.63
 -87711.725   401.649   -25.62   57.67
 -87422.219   396.176   -18.90   58.59
 -87136.168   398.946     9.68   57.07
 -86851.521   398.641    -1.07   54.76
 -86566.852   397.624    -3.57   50.10
 -86282.160   397.916     1.03   44.67
 -85997.447   396.772    -4.02   44.24
 -85712.711   390.741   -21.18   48.47
 -85427.954   383.792   -24.40   48.53
 -85143.174   372.341   -40.21   52.04
 -84858.372   359.674   -44.47   60.79
 -84573.547   351.372   -29.15   65.26
 -84288.701   332.063   -67.78   72.33
 -84003.833   309.258   -80.05   78.37
 -83718.942   279.853  -103.21   79.80
 -83434.029   247.436  -113.77   71.55
 -83149.094   217.811  -103.96   60.53
 -82864.137   197.873   -69.97   51.83
 -82579.157   180.736   -60.13   40.80
 -82294.156   168.883   -41.59   31.96
 -82009.132   164.761   -14.46   29.69
 -81724.086   170.353    19.62   40.21
 -81439.017   183.543    46.27   51.19
 -81153.927   199.604    56.33   56.66
 -80868.814   209.049    33.13   52.65
 -80583.679   213.508    15.64   48.13
 -80298.522   210.967    -8.91   49.11
 -80013.343   197.171   -48.37   51.60
 -79728.141   179.792   -60.93   41.79
 -79442.917   165.283   -50.86   29.27
 -79157.671   153.329   -41.90   24.49
 -78872.403   143.738   -33.62   25.14
 -78587.112   134.893   -31.00   30.12
 -78301.799   126.333   -30.00   33.92
 -78016.464   114.218   -42.46   34.51
 -77731.106   100.053   -49.64   25.22
 -77445.726    88.694   -39.80   13.57
 -77160.324    82.761   -20.79    8.81
 -76874.900    78.896   -13.54    6.54
 -76589.453    75.604   -11.53    5.08
 -76303.984    73.131    -8.66    4.27
 -76018.492    71.467    -5.83    3.64
 -75732.979    70.139    -4.65    3.12
 -75447.443    68.735    -4.92    2.87
 -75161.884    67.551    -4.15    2.84
 -74876.304    66.555    -3.49    2.94
 -74590.700    65.393    -4.07    3.15
 -74305.075    64.483    -3.19    3.49
 -74019.427    63.041    -5.05    3.52
 -73733.757    61.645    -4.89    3.27
 -73448.065    60.553    -3.82    3.28
 -73162.350    59.799    -2.64    3.34
 -72876.612    59.000    -2.80    3.25
 -72590.853    57.893    -3.87    3.25
 -72305.071    56.998    -3.13    3.34
 -72019.266    56.124    -3.06    3.22
 -71733.439    54.927    -4.19    3.25
 -71447.590    53.780    -4.01    3.25
 -71161.718    52.482    -4.54    3.37
 -70875.824    50.856    -5.69    3.60
 -70589.908    49.145    -5.99    3.60
 -70303.969    47.534    -5.63    3.56
 -70018.007    45.699    -6.42    3.40
 -69732.024    43.915    -6.24    3.25
 -69446.017    42.363    -5.43    3.05
 -69159.989    41.042    -4.62    2.80
 -68873.937    39.585    -5.09    2.86
 -68587.864    38.311    -4.45    2.79
 -68301.768    37.054    -4.39    2.61
 -68015.649    35.755    -4.54    2.69
 -67729.508    34.540    -4.24    2.72
 -67443.344    33.446    -3.82    2.80
 -67157.158    32.266    -4.12    2.78
 -66870.950    31.163    -3.85    2.70
 -66584.718    30.049    -3.89    2.72
 -66298.465    28.865    -4.13    2.58
 -66012.189    27.508    -4.74    2.55
 -65725.890    26.369    -3.98    2.70
 -65439.569    24.927    -5.04    2.81
 -65153.225    23.814    -3.89    2.69
 -64866.859    23.311    -1.76    2.68
 -64580.470    23.176    -0.47    3.28
 -64294.059    23.042    -0.47    3.88
 -64007.625    22.936    -0.37    4.29
 -63721.169    23.063     0.44    4.38
 -63434.690    22.925    -0.48    4.22
 -63148.188    22.447    -1.67    4.07
 -62861.664    21.736    -2.48    3.75
 -62575.117    20.659    -3.76    2.92
 -62288.548    19.936    -2.52    2.72
 -62001.956    19.363    -2.00    2.93
 -61715.341    19.059    -1.06    3.48
 -61428.704    18.513    -1.91    4.05
 -61142.044    18.040    -1.65    4.29
 -60855.362    17.452    -2.05    4.70
 -60568.657    15.702    -6.10    5.04
 -60281.929    13.679    -7.06    5.73
 -59995.179    12.147    -5.34    5.59
 -59708.406    10.755    -4.85    4.93
 -59421.611    10.555    -0.70    4.89
 -59134.792    10.488    -0.23    5.17
 -58847.952    11.673     4.13    5.82
 -58561.088    13.431     6.13    6.29
 -58274.202    15.241     6.31    5.92
 -57987.293    15.905     2.31    5.47
 -57700.361    16.255     1.22    5.06
 -57413.407    16.415     0.56    4.75
 -57126.430    16.129    -1.00    4.28
 -56839.431    15.831    -1.04    3.96
 -56552.408    15.457    -1.30    3.63
 -56265.363    15.395    -0.22    3.51
 -55978.295    14.967    -1.49    3.52
 -55691.205    14.468    -1.74    3.22
 -55404.092    14.237    -0.80    3.39
 -55116.956    13.197    -3.62    3.86
 -54829.797    11.386    -6.31    5.00
 -54542.616     9.583    -6.28    5.73
 -54255.412     7.267    -8.06    5.71
 -53968.185     5.143    -7.40    5.28
 -53680.935     3.263    -6.54    3.94
 -53393.662     1.947    -4.58    2.04
 -53106.367     1.494    -1.58    0.92
 -52819.049     1.488    -0.02    0.99
 -52531.708     1.357    -0.46    1.08
 -52244.345     1.287    -0.24    1.18
 -51956.958     1.197    -0.31    1.19
 -51669.549     1.043    -0.53    1.20
 -51382.117     1.032    -0.04    1.27
 -51094.662     1.222     0.66    1.48
 -50807.185     1.315     0.32    1.52
 -50519.684     1.624     1.07    1.53
 -50232.161     1.780     0.54    1.47
 -49944.615     1.794     0.05    1.47
 -49657.046     1.848     0.19    1.42
 -49369.454     1.864     0.06    1.26
 -49081.840     1.947     0.29    1.13
 -48794.202     1.866    -0.28    1.18
 -48506.542     1.730    -0.47    1.22
 -48218.858     1.631    -0.35    1.23
 -47931.152     1.563    -0.23    1.24
 -47643.423     1.447    -0.40    1.29
 -47355.671     1.420    -0.09    1.24
 -47067.897     1.389    -0.11    1.16
 -46780.099     1.378    -0.04    1.08
 -46492.278     1.436     0.20    1.05
 -46204.435     1.510     0.26    0.97
 -45916.568     1.542     0.11    1.03
 -45628.679     1.540    -0.01    1.04
 -45340.767     1.581     0.14    1.05
 -45052.831     1.606     0.09    1.12
 -44764.873     1.513    -0.32    1.11
 -44476.892     1.431    -0.28    1.18
 -44188.888     1.472     0.14    1.22
 -43900.861     1.551     0.27    1.20
 -43612.811     1.351    -0.69    1.19
 -43324.738     1.333    -0.06    1.22
 -43036.642     1.431     0.34    1.21
 -42748.523     1.467     0.12    1.29
 -42460.381     1.387    -0.28    1.31
 -42172.217     1.549     0.56    1.35
 -41884.029     1.590     0.14    1.30
 -41595.818     1.482    -0.37    1.26
 -41307.584     1.294    -0.65    1.27
 -41019.327     1.280    -0.05    1.29
 -40731.047     1.308     0.10    1.23
 -40442.744     1.262    -0.16    1.20
 -40154.418     1.207    -0.19    1.17
 -39866.069     1.136    -0.25    1.18
 -39577.697     1.191     0.19    1.18
 -39289.302     1.256     0.23    1.23
 -39000.883     1.319     0.22    1.23
 -38712.442     1.457     0.48    1.24
 -38423.978     1.578     0.42    1.20
 -38135.490     1.580     0.00    1.16
 -37846.980     1.573    -0.02    1.09
 -37558.446     1.478    -0.33    1.11
 -37269.890     1.267    -0.73    1.13
 -36981.310     1.337     0.24    1.23
 -36692.707     1.328    -0.03    1.29
 -36404.081     1.347     0.07    1.30
 -36115.432     1.747     1.39    3.15
 -35826.760     4.833    10.69   10.83
 -35538.064     8.426    12.45   15.46
 -35249.346    11.400    10.30   17.19
 -34960.604    13.926     8.75   18.25
 -34671.839    17.094    10.97   19.48
 -34383.052    20.021    10.14   21.62
 -34094.240    19.707    -1.09   22.29
 -33805.406    19.499    -0.72   22.91
 -33516.549    16.978    -8.73   22.45
 -33227.668    15.176    -6.24   21.18
 -32938.764    14.728    -1.55   21.40
 -32649.837    14.136    -2.05   22.72
 -32360.887    14.589     1.57   25.05
 -32071.914    13.308    -4.43   24.08
 -31782.917    13.620     1.08   24.64
 -31493.898    10.518   -10.73   19.76
 -31204.855     8.751    -6.11   16.92
 -30915.788     7.541    -4.18   15.26
 -30626.699     4.725    -9.74   10.37
 -30337.586     4.478    -0.86    9.30
 -30048.450     4.927     1.55   10.35
 -29759.291     5.715     2.72   13.01
 -29470.109     8.228     8.69   17.60
 -29180.903     9.745     5.25   20.24
 -28891.674    11.720     6.83   24.63
 -28602.422    14.047     8.05   28.79
 -28313.146    15.086     3.59   31.10
 -28023.848    16.247     4.01   34.06
 -27734.525    17.426     4.07   34.42
 -27445.180    19.415     6.87   36.02
 -27155.811    19.691     0.96   38.29
 -26866.419    19.363    -1.13   37.36
 -26577.004    17.904    -5.04   33.29
 -26287.566    17.073    -2.87   31.42
 -25998.104    17.308     0.81   32.78
 -25708.618    16.340    -3.34   32.30
 -25419.110    16.790     1.56   34.65
 -25134.007    15.132    -5.82   32.69
 -24849.372    11.437   -12.98   24.41
 -24564.714     8.165   -11.49   18.37
 -24280.035     4.722   -12.09   10.07
 -23995.333     3.755    -3.40    7.51
 -23710.609     2.503    -4.40    3.22
 -23425.863     2.049    -1.59    1.25
 -23141.095     1.947    -0.36    1.27
 -22856.305     1.926    -0.07    1.14
 -22571.492     1.853    -0.25    1.08
 -22286.658     1.801    -0.18    1.15
 -22001.801     1.811     0.04    1.17
 -21716.922     1.741    -0.25    1.17
 -21432.021     1.757     0.06    1.14
 -21147.098     1.624    -0.47    1.10
 -20862.153     1.590    -0.12    1.07
 -20577.185     1.545    -0.16    1.04
 -20292.195     1.583     0.14    1.01
 -20007.183     1.508    -0.26    0.96
 -19722.149     1.411    -0.34    0.95
 -19437.093     1.331    -0.28    0.95
 -19152.014     1.314    -0.06    1.08
 -18866.913     1.410     0.33    1.19
 -18581.790     1.494     0.30    1.22
 -18296.645     1.426    -0.24    1.10
 -18011.478     1.551     0.44    1.12
 -17726.288     1.624     0.26    1.16
 -17441.076     1.799     0.62    1.13
 -17155.842     2.020     0.77    1.06
 -16870.585     2.129     0.38    1.00
 -16585.306     2.335     0.72    1.08
 -16300.005     2.431     0.34    1.08
 -16014.682     2.492     0.21    1.10
 -15729.336     2.563     0.25    1.11
 -15443.968     2.514    -0.17    1.15
 -15158.578     2.549     0.12    1.17
 -14873.166     2.549     0.00    1.16
 -14587.731     2.437    -0.39    1.10
 -14302.274     2.420    -0.06    1.13
 -14016.794     2.415    -0.02    1.11
 -13731.293     2.624     0.73    1.14
 -13445.769     2.780     0.55    1.11
 -13160.222     2.883     0.36    1.01
 -12874.653     2.905     0.08    1.05
 -12589.062     2.896    -0.03    1.17
 -12303.449     2.824    -0.25    1.19
 -12017.813     2.576    -0.87    1.21
 -11732.155     2.387    -0.66    1.18
 -11446.474     2.171    -0.76    1.21
 -11160.772     2.060    -0.39    1.18
 -10875.046     1.856    -0.71    1.05
 -10589.299     1.926     0.25    1.10
 -10303.529     2.071     0.50    1.11
 -10017.736     2.157     0.30    1.17
  -9731.921     2.410     0.88    1.18
  -9446.084     2.593     0.64    1.18
  -9160.224     2.718     0.44    1.14
  -8874.342     2.738     0.07    1.05
  -8588.438     2.689    -0.17    1.09
  -8302.511     2.617    -0.25    1.13
  -8016.562     2.426    -0.67    1.10
  -7730.590     2.314    -0.39    1.06
  -7444.596     2.267    -0.16    1.03
  -7158.579     2.129    -0.48    0.98
  -6872.540     1.988    -0.49    0.95
  -6586.478     1.797    -0.67    0.97
  -6300.394     1.631    -0.58    1.00
  -6014.288     1.386    -0.86    1.03
  -5728.159     1.163    -0.78    1.03
  -5442.007     0.989    -0.61    0.97
  -5155.833     0.854    -0.47    0.88
  -4869.637     0.801    -0.19    0.87
  -4583.418     0.697    -0.36    0.90
  -4297.176     0.668    -0.10    0.92
  -4010.912     0.634    -0.12    0.97
  -3724.626     0.478    -0.55    0.87
  -3438.316     0.324    -0.54    0.78
  -3151.985     0.240    -0.30    0.71
  -2865.631     0.091    -0.52    0.51
  -2579.254    -0.013    -0.36    0.17
  -2292.855    -0.043    -0.11    0.00
  -2006.433    -0.043     0.00    0.00
  -1719.989    -0.043     0.00    0.00
  -1433.522    -0.043     0.00    0.00
  -1147.033    -0.043     0.00    0.00
   -860.520     0.041     0.29    0.82
   -573.986     0.052     0.04    0.83
   -287.429     0.613     1.96    5.46
     -0.849    -0.022    -2.22    0.14
    285.753    -0.032    -0.04    0.10
    572.378    -0.043    -0.04    0.00
    859.026    -0.043     0.00    0.00
   1145.696    -0.043     0.00    0.00
   1432.389    -0.033     0.04    0.10
   1719.105     0.068     0.35    0.47
   2005.843     0.197     0.45    0.68
   2292.603     0.212     0.05    0.75
   2579.387     0.237     0.09    0.79
   2866.193     0.244     0.02    0.75
   3153.021     0.294     0.17    0.81
   3439.873     0.332     0.13    0.84
   3726.747     0.452     0.42    0.91
   4013.643     0.524     0.25    0.92
   4300.563     0.691     0.58    1.00
   4587.505     0.658    -0.12    0.97
   4874.469     0.624    -0.12    0.93
   5161.457     0.574    -0.17    0.82
   5448.467     0.515    -0.21    0.78
   5735.500     0.467    -0.17    0.70
   6022.555     0.402    -0.23    0.70
   6309.634     0.353    -0.17    0.71
   6596.735     0.322    -0.11    0.71
   6883.858     0.337     0.05    0.78
   7171.005     0.365     0.10    0.74
   7458.174     0.384     0.07    0.74
   7745.366     0.373    -0.04    0.72
   8032.580     0.498     0.44    0.76
   8319.818     0.559     0.21    0.73
   8607.078     0.389    -0.59    0.61
   8894.361     0.357    -0.11    0.57
   9181.667     0.395     0.13    0.61
   9468.995     0.332    -0.22    0.64
   9756.347     0.287    -0.16    0.62
  10043.721     0.246    -0.14    0.71
  10331.118     0.145    -0.35    0.82
  10618.537     0.197     0.18    0.86
  10905.980     0.212     0.05    0.87
  11193.445     0.270     0.20    0.83
  11480.933     0.421     0.52    0.84
  11768.444     0.503     0.28    0.85
  12055.978     1.818     4.58    4.85
  12343.535     6.120    14.96   14.35
  12631.114    12.171    21.04   22.63
  12918.717    22.887    37.26   37.86
  13206.342    39.607    58.13   54.84
  13493.990    56.094    57.32   64.08
  13781.661    75.452    67.29   74.23
  14069.355    90.905    53.71   76.24
  14357.071   100.841    34.54   70.60
  14644.811   103.297     8.54   64.98
  14932.573    98.322   -17.29   53.66
  15220.359    94.322   -13.90   50.42
  15508.167    86.115   -28.51   49.04
  15795.998    78.867   -25.18   50.97
  16083.852    71.866   -24.32   46.29
  16371.729    69.607    -7.85   40.95
  16659.629    71.988     8.27   37.22
  16947.552    78.135    21.35   36.28
  17235.498    88.426    35.74   36.32
  17523.467   102.277    48.10   38.07
  17811.458   116.365    48.92   37.70
  18099.473   128.412    41.83   38.34
  18387.511   137.101    30.17   35.52
  18675.571   141.638    15.75   34.90
  18963.655   140.561    -3.74   37.46
  19251.761   133.215   -25.50   40.54
  19539.891   119.322   -48.22   38.54
  19828.043   102.322   -59.00   35.79
  20116.219    87.926   -49.95   34.67
  20404.417    70.357   -60.96   28.79
  20692.639    56.416   -48.37   18.66
  20980.883    50.290   -21.25   13.96
  21269.151    48.230    -7.15   13.11
  21557.442    52.442    14.61   21.51
  21845.755    59.067    22.98   25.97
  22134.092    63.858    16.62   24.74
  22422.452    65.682     6.32   23.79
  22710.834    61.541   -14.36   27.60
  22999.240    55.077   -22.41   31.83
  23287.669    46.163   -30.91   31.64
  23576.121    36.957   -31.92   23.25
  23864.596    30.488   -22.42   14.82
  24153.094    28.631    -6.44   11.75
  24441.615    30.694     7.15   13.44
  24730.159    35.648    17.17   13.97
  25018.727    38.770    10.82   13.92
  25307.317    42.561    13.14   14.30
  25595.931    45.792    11.19   14.82
  25884.567    46.801     3.49   15.32
  26173.227    46.411    -1.35   17.62
  26461.910    43.730    -9.29   20.26
  26750.616    39.161   -15.83   19.84
  27039.345    35.809   -11.61   19.60
  27328.098    31.514   -14.87   15.72
  27616.873    28.898    -9.06   11.97
  27905.672    27.917    -3.39    8.84
  28194.494    28.395     1.65    6.71
  28483.339    29.571     4.07    5.84
  28772.207    31.452     6.51    5.92
  29061.098    34.018     8.88    6.09
  29350.012    37.141    10.81    6.73
  29638.950    40.220    10.66    7.20
  29927.911    44.112    13.47    8.78
  30216.895    48.947    16.73   11.20
  30505.902    56.238    25.23   15.59
  30794.933    63.770    26.06   21.06
  31083.987    75.999    42.31   26.92
  31373.064    88.998    44.97   29.09
  31662.164    99.957    37.91   26.74
  31951.287   111.442    39.72   27.22
  32240.434   120.416    31.04   27.06
  32529.604   125.789    18.58   28.54
  32818.797   127.571     6.16   32.69
  33108.014   126.145    -4.93   34.68
  33397.253   123.086   -10.58   36.86
  33686.516   116.769   -21.84   36.13
  33975.803   105.534   -38.84   31.47
  34265.112    96.967   -29.61   27.13
  34554.445    93.967   -10.37   23.78
  34843.801    94.411     1.53   26.60
  35133.181   102.555    28.14   36.30
  35422.583   111.676    31.52   42.75
  35712.010   120.462    30.36   48.02
  36001.459   131.833    39.29   50.89
  36290.932   138.301    22.34   53.73
  36580.032   133.813   -15.52   52.66
  36864.640   129.093   -16.59   48.28
  37149.271   123.069   -21.16   43.94
  37433.924   120.253    -9.89   45.70
  37718.600   114.650   -19.68   48.19
  38003.297   105.473   -32.24   45.76
  38288.016    97.254   -28.87   42.65
  38572.758    89.687   -26.58   38.36
  38857.521    81.467   -28.87   28.99
  39142.307    77.048   -15.52   23.71
  39427.115    74.178   -10.08   22.57
  39711.945    73.524    -2.30   27.38
  39996.797    70.405   -10.95   27.69
  40281.671    64.957   -19.12   24.65
  40566.568    58.790   -21.65   21.86
  40851.486    52.728   -21.28   18.16
  41136.427    46.777   -20.89   17.47
  41421.390    41.537   -18.39   15.04
  41706.375    37.739   -13.33   13.10
  41991.383    34.835   -10.19   10.87
  42276.412    32.739    -7.35    8.96
  42561.464    30.857    -6.60    7.89
  42846.538    29.978    -3.09    8.51
  43131.634    28.328    -5.79    9.06
  43416.752    26.235    -7.34    9.35
  43701.893    23.462    -9.73    9.06
  43987.055    21.395    -7.25    9.02
  44272.240    19.617    -6.23    8.76
  44557.447    18.252    -4.79    8.22
  44842.677    17.705    -1.92    6.87
  45127.929    18.614     3.19    6.72
  45413.203    20.467     6.50    7.96
  45698.499    24.927    15.63   12.67
  45983.817    31.590    23.35   17.96
  46269.158    40.997    32.97   22.89
  46554.521    52.684    40.96   26.41
  46839.906    62.823    35.53   27.78
  47125.314    72.530    34.01   30.84
  47410.744    80.638    28.41   34.91
  47696.196    84.555    13.72   39.05
  47981.670    88.524    13.90   44.41
  48267.167    87.596    -3.25   46.42
  48552.686    83.220   -15.33   44.36
  48838.227    81.503    -6.02   39.02
  49123.791    81.355    -0.52   32.62
  49409.377    83.581     7.79   28.48
  49694.985    91.195    26.66   28.75
  49980.616   100.549    32.75   27.12
  50266.269   108.889    29.20   25.77
  50551.944   120.784    41.64   24.19
  50837.642   131.978    39.18   26.61
  51123.362   141.915    34.78   31.75
  51409.105   154.009    42.32   41.05
  51694.870   166.720    44.48   42.81
  51980.657   176.228    33.27   39.23
  52266.466   182.875    23.26   34.07
  52552.298   187.143    14.93   33.15
  52838.153   186.107    -3.62   34.82
  53124.030   185.080    -3.59   34.70
  53409.929   184.841    -0.84   35.82
  53695.850   185.876     3.62   35.01
  53981.794   190.917    17.63   37.47
  54267.761   197.506    23.04   38.16
  54553.750   206.131    30.16   37.13
  54839.761   213.520    25.84   35.97
  55125.795   220.280    23.64   33.41
  55411.851   220.353     0.25   31.91
  55697.930   214.743   -19.61   30.99
  55984.031   204.328   -36.40   35.47
  56270.154   189.163   -53.00   37.75
  56556.300   176.194   -45.33   38.08
  56842.469   163.100   -45.76   38.76
  57128.660   150.263   -44.86   37.25
  57414.873   140.540   -33.97   34.64
  57701.109   132.157   -29.29   31.54
  57987.368   126.373   -20.21   28.53
  58273.649   121.601   -16.67   25.09
  58559.952   115.397   -21.67   22.79
  58846.278   108.129   -25.39   23.89
  59132.627    99.343   -30.69   25.49
  59418.998    88.906   -36.45   27.89
  59705.391    77.520   -39.76   28.53
  59991.807    66.462   -38.61   25.89
  60278.246    57.854   -30.05   20.29
  60564.707    52.488   -18.73   16.95
  60851.191    50.220    -7.92   18.94
  61137.697    47.620    -9.07   21.81
  61424.226    44.908    -9.47   24.29
  61710.777    41.967   -10.26   25.33
  61997.351    37.403   -15.93   24.63
  62283.948    31.967   -18.97   21.80
  62570.567    26.110   -20.44   16.91
  62857.209    21.604   -15.72   11.35
  63143.873    19.243    -8.24    8.25
  63430.560    18.019    -4.27    7.91
  63717.270    18.380     1.26    8.49
  64004.002    19.165     2.74    9.03
  64290.757    17.761    -4.90    7.82
  64577.534    15.978    -6.22    6.26
  64864.334    16.677     2.44    6.52
  65151.157    17.737     3.70    6.77
  65438.003    18.462     2.53    6.74
  65724.871    17.647    -2.84    7.36
  66011.761    16.112    -5.35    8.75
  66298.675    13.937    -7.58    9.74
  66585.611    10.567   -11.74   10.31
  66872.569     6.557   -13.97    8.81
  67159.551     3.247   -11.53    6.12
  67446.555     0.854    -8.34    2.44
  67733.581     0.040    -2.84    0.57
  68020.631    -0.043    -0.29    0.00
  68307.703    -0.043     0.00    0.00
  68594.798    -0.043     0.00    0.00
  68881.915    -0.043     0.00    0.00
  69169.056    -0.043     0.00    0.00
  69456.219    -0.043     0.00    0.00
  69743.404    -0.043     0.00    0.00
  70030.613    -0.043     0.00    0.00
  70317.844    -0.043     0.00    0.00
  70605.098    -0.043     0.00    0.00
  70892.375    -0.043     0.00    0.00
  71179.674    -0.043     0.00    0.00
  71466.996    -0.043     0.00    0.00
  71754.341    -0.043     0.00    0.00
  72041.709    -0.043     0.00    0.00
  72329.100    -0.043     0.00    0.00
  72616.513    -0.043     0.00    0.00
  72903.949    -0.043     0.00    0.00
  73191.408    -0.043     0.00    0.00
  73478.890    -0.043     0.00    0.00
  73766.395    -0.043     0.00    0.00
  74053.922    -0.043     0.00    0.00
  74341.472    -0.043     0.00    0.00
  74629.045    -0.043     0.00    0.00
  74916.641    -0.043     0.00    0.00
  75204.260    -0.043     0.00    0.00
  75491.902    -0.043     0.00    0.00
  75779.566    -0.043     0.00    0.00
  76067.253    -0.043     0.00    0.00
  76354.963    -0.043     0.00    0.00
  76642.696    -0.043     0.00    0.00
  76930.452    -0.043     0.00    0.00
  77218.231    -0.043     0.00    0.00
  77506.033    -0.043     0.00    0.00
  77793.857    -0.043     0.00    0.00
  78081.705    -0.043     0.00    0.00
  78369.575    -0.043     0.00    0.00
  78657.468    -0.043     0.00    0.00
  78945.385    -0.043     0.00    0.00
  79233.324    -0.043     0.00    0.00
  79521.286    -0.043     0.00    0.00
  79809.271    -0.043     0.00    0.00
  80097.279    -0.043     0.00    0.00
  80385.310    -0.043     0.00    0.00
  80673.363    -0.043     0.00    0.00
  80961.440    -0.043     0.00    0.00
  81249.540    -0.043     0.00    0.00
  81537.663    -0.043     0.00    0.00
  81825.808    -0.043     0.00    0.00
  82113.977    -0.043     0.00    0.00
  82402.169    -0.043     0.00    0.00
  82690.383    -0.043     0.00    0.00
  82978.621    -0.043     0.00    0.00
  83266.882    -0.043     0.00    0.00
  83555.165    -0.043     0.00    0.00
  83843.472    -0.043     0.00    0.00
  84131.802    -0.043     0.00    0.00
  84420.154    -0.043     0.00    0.00
  84708.530    -0.043     0.00    0.00
  84996.929    -0.043     0.00    0.00
  85285.351    -0.043     0.00    0.00
  85573.796    -0.043     0.00    0.00
  85862.264    -0.043     0.00    0.00
  86150.755    -0.043     0.00    0.00
  86439.269    -0.043     0.00    0.00
  86727.806    -0.043     0.00    0.00
  87016.366    -0.043     0.00    0.00
  87304.949    -0.043     0.00    0.00
  87593.556    -0.043     0.00    0.00
  87882.185    -0.043     0.00    0.00
  88170.838    -0.043     0.00    0.00
  88459.514    -0.043     0.00    0.00
  88748.213    -0.043     0.00    0.00
  89036.935    -0.043     0.00    0.00
  89325.680    -0.043     0.00    0.00
  89614.448    -0.043     0.00    0.00
  89903.239    -0.043     0.00    0.00
  90192.054    -0.043     0.00    0.00
  90480.892    -0.043     0.00    0.00
  90769.753    -0.043     0.00    0.00
  91058.637    -0.043     0.00    0.00
  91347.544    -0.043     0.00    0.00
  91636.474    -0.043     0.00    0.00
  91925.428    -0.043     0.00    0.00
  92214.404    -0.043     0.00    0.00
  92503.404    -0.043     0.00    0.00
  92792.427    -0.043     0.00    0.00
  93081.474    -0.043     0.00    0.00
  93370.543    -0.043     0.00    0.00
  93659.636    -0.043     0.00    0.00
  93948.752    -0.043     0.00    0.00
  94237.891    -0.043     0.00    0.00
  94527.054    -0.043     0.00    0.00
  94816.239    -0.043     0.00    0.00
  95105.448    -0.043     0.00    0.00
  95394.681    -0.043     0.00    0.00
  95683.936    -0.043     0.00    0.00
  95973.215    -0.043     0.00    0.00
  96262.517    -0.043     0.00    0.00
  96551.842    -0.043     0.00    0.00
  96841.191    -0.043     0.00    0.00
  97130.562    -0.043     0.00    0.00
  97419.958    -0.043     0.00    0.00
  97709.376    -0.043     0.00    0.00
  97998.818    -0.043     0.00    0.00
  98288.283    -0.043     0.00    0.00
  98576.512    -0.043     0.00    0.00
  98861.120    -0.043     0.00    0.00
  99145.749    -0.043     0.00    0.00
  99430.400    -0.043     0.00    0.00
  99715.073    -0.043     0.00    0.00
  99999.769    -0.043     0.00    0.00
 100284.486    -0.043     0.00    0.00
 100569.226    -0.043     0.00    0.00
 100853.987    -0.043     0.00    0.00
 101138.771    -0.043     0.00    0.00
 101423.577    -0.043     0.00    0.00
 101708.405    -0.043     0.00    0.00
 101993.255    -0.043     0.00    0.00
 102278.127    -0.043     0.00    0.00
 102563.021    -0.043     0.00    0.00
 102847.938    -0.043     0.00    0.00
 103132.876    -0.043     0.00    0.00
 103417.837    -0.043     0.00    0.00
 103702.820    -0.043     0.00    0.00
 103987.825    -0.043     0.00    0.00
 104272.852    -0.043     0.00    0.00
 104557.901    -0.043     0.00    0.00
 104842.973    -0.043     0.00    0.00
 105128.067    -0.043     0.00    0.00
 105413.182    -0.043     0.00    0.00
 105698.321    -0.043     0.00    0.00
 105983.481    -0.043     0.00    0.00
 106268.663    -0.043     0.00    0.00
 106553.868    -0.043     0.00    0.00
 106839.095    -0.043     0.00    0.00
 107124.344    -0.043     0.00    0.00
 107409.615    -0.043     0.00    0.00
 107694.909    -0.043     0.00    0.00
 107980.224    -0.043     0.00    0.00
 108265.562    -0.043     0.00    0.00
 108550.923    -0.043     0.00    0.00
 108836.305    -0.043     0.00    0.00
 109121.710    -0.043     0.00    0.00
 109407.137    -0.043     0.00    0.00
 109692.586    -0.043     0.00    0.00
 109978.057    -0.043     0.00    0.00
 110263.551    -0.043     0.00    0.00
 110549.067    -0.043     0.00    0.00
 110834.606    -0.043     0.00    0.00
 111120.166    -0.043     0.00    0.00
 111405.749    -0.043     0.00    0.00
 111691.355    -0.043     0.00    0.00
 111976.982    -0.043     0.00    0.00
 112262.632    -0.043     0.00    0.00
 112548.304    -0.043     0.00    0.00
 112833.999    -0.043     0.00    0.00
 113119.716    -0.043     0.00    0.00
 113405.455    -0.043     0.00    0.00
 113691.216    -0.043     0.00    0.00
 113977.000    -0.043     0.00    0.00
 114262.806    -0.043     0.00    0.00
